         2   -7.49799e+00    1.07448e+01    5.88989e+01    1.00000e-02
         3   -5.08959e+01   -3.26531e+01    1.78992e+02    2.25000e-02
         4   -1.25185e+01    5.72426e+00    3.13782e+01    4.00000e-02
         5   -2.71439e+01   -8.90106e+00    4.87921e+01    6.25000e-02
         6   -1.44215e+01    3.82126e+00    2.09467e+01    9.00000e-02
         7   -2.13897e+01   -3.14693e+00    1.72502e+01    1.22500e-01
         8   -1.54152e+01    2.82762e+00    1.54999e+01    1.60000e-01
         9   -1.93394e+01   -1.09658e+00    6.01101e+00    2.02500e-01
        10   -1.60219e+01    2.22094e+00    1.21743e+01    2.50000e-01
        11   -1.84595e+01   -2.16741e-01    1.18809e+00    3.02500e-01
        12   -1.64284e+01    1.81438e+00    9.94573e+00    3.60000e-01
        13   -1.80429e+01    1.99889e-01    1.09571e+00    4.22500e-01
        14   -1.67183e+01    1.52455e+00    8.35700e+00    4.90000e-01
        15   -1.78366e+01    4.06171e-01    2.22647e+00    5.62500e-01
        16   -1.69342e+01    1.30863e+00    7.17342e+00    6.40000e-01
        17   -1.77349e+01    5.07899e-01    2.78410e+00    7.22500e-01
        18   -1.71004e+01    1.14238e+00    6.26206e+00    8.10000e-01
        19   -1.76884e+01    5.54415e-01    3.03909e+00    9.02500e-01
        20   -1.72318e+01    1.01101e+00    5.54199e+00    1.00000e+00
        21   -1.76722e+01    5.70622e-01    3.12793e+00    1.10250e+00
        22   -1.73378e+01    9.05049e-01    4.96113e+00    1.21000e+00
        23   -1.76730e+01    5.69844e-01    3.12366e+00    1.32250e+00
        24   -1.74247e+01    8.18092e-01    4.48446e+00    1.44000e+00
        25   -1.76833e+01    5.59531e-01    3.06713e+00    1.56250e+00
        26   -1.74971e+01    7.45691e-01    4.08759e+00    1.69000e+00
        27   -1.76988e+01    5.43988e-01    2.98193e+00    1.82250e+00
        28   -1.75582e+01    6.84649e-01    3.75298e+00    1.96000e+00
        29   -1.77170e+01    5.25759e-01    2.88201e+00    2.10250e+00
        30   -1.76102e+01    6.32616e-01    3.46776e+00    2.25000e+00
        31   -1.77364e+01    5.06369e-01    2.77572e+00    2.40250e+00
        32   -1.76550e+01    5.87830e-01    3.22225e+00    2.56000e+00
        33   -1.77561e+01    4.86734e-01    2.66809e+00    2.72250e+00
        34   -1.76939e+01    5.48940e-01    3.00908e+00    2.89000e+00
        35   -1.77754e+01    4.67403e-01    2.56212e+00    3.06250e+00
        36   -1.77279e+01    5.14902e-01    2.82249e+00    3.24000e+00
        37   -1.77941e+01    4.48696e-01    2.45958e+00    3.42250e+00
        38   -1.77579e+01    4.84893e-01    2.65799e+00    3.61000e+00
        39   -1.78120e+01    4.30788e-01    2.36141e+00    3.80250e+00
        40   -1.77845e+01    4.58259e-01    2.51200e+00    4.00000e+00
        41   -1.78290e+01    4.13766e-01    2.26810e+00    4.20250e+00
        42   -1.78083e+01    4.34475e-01    2.38162e+00    4.41000e+00
        43   -1.78451e+01    3.97661e-01    2.17982e+00    4.62250e+00
        44   -1.78297e+01    4.13116e-01    2.26454e+00    4.84000e+00
        45   -1.78603e+01    3.82468e-01    2.09654e+00    5.06250e+00
        46   -1.78490e+01    3.93832e-01    2.15883e+00    5.29000e+00
        47   -1.78746e+01    3.68161e-01    2.01812e+00    5.52250e+00
        48   -1.78665e+01    3.76337e-01    2.06294e+00    5.76000e+00
        49   -1.78881e+01    3.54701e-01    1.94433e+00    6.00250e+00
        50   -1.78824e+01    3.60394e-01    1.97554e+00    6.25000e+00
        51   -1.79008e+01    3.42043e-01    1.87495e+00    6.50250e+00
        52   -1.78970e+01    3.45802e-01    1.89555e+00    6.76000e+00
        53   -1.79127e+01    3.30140e-01    1.80970e+00    7.02250e+00
        54   -1.79104e+01    3.32396e-01    1.82207e+00    7.29000e+00
        55   -1.79239e+01    3.18941e-01    1.74831e+00    7.56250e+00
        56   -1.79228e+01    3.20034e-01    1.75430e+00    7.84000e+00
        57   -1.79344e+01    3.08401e-01    1.69053e+00    8.12250e+00
        58   -1.79342e+01    3.08597e-01    1.69161e+00    8.41000e+00
        59   -1.79443e+01    2.98472e-01    1.63611e+00    8.70250e+00
        60   -1.79448e+01    2.97981e-01    1.63342e+00    9.00000e+00
        61   -1.79537e+01    2.89112e-01    1.58480e+00    9.30250e+00
        62   -1.79547e+01    2.88099e-01    1.57925e+00    9.61000e+00
        63   -1.79625e+01    2.80279e-01    1.53638e+00    9.92250e+00
        64   -1.79639e+01    2.78876e-01    1.52869e+00    1.02400e+01
        65   -1.79709e+01    2.71937e-01    1.49065e+00    1.05625e+01
        66   -1.79726e+01    2.70245e-01    1.48138e+00    1.08900e+01
        67   -1.79788e+01    2.64049e-01    1.44741e+00    1.12225e+01
        68   -1.79807e+01    2.62149e-01    1.43700e+00    1.15600e+01
        69   -1.79862e+01    2.56583e-01    1.40649e+00    1.19025e+01
        70   -1.79883e+01    2.54539e-01    1.39529e+00    1.22500e+01
        71   -1.79933e+01    2.49510e-01    1.36771e+00    1.26025e+01
        72   -1.79954e+01    2.47371e-01    1.35599e+00    1.29600e+01
        73   -1.80000e+01    2.42800e-01    1.33094e+00    1.33225e+01
        74   -1.80022e+01    2.40606e-01    1.31891e+00    1.36900e+01
        75   -1.80064e+01    2.36430e-01    1.29602e+00    1.40625e+01
        76   -1.80086e+01    2.34210e-01    1.28385e+00    1.44400e+01
        77   -1.80124e+01    2.30375e-01    1.26283e+00    1.48225e+01
        78   -1.80147e+01    2.28152e-01    1.25064e+00    1.52100e+01
        79   -1.80182e+01    2.24614e-01    1.23125e+00    1.56025e+01
        80   -1.80204e+01    2.22406e-01    1.21914e+00    1.60000e+01
        81   -1.80237e+01    2.19127e-01    1.20117e+00    1.64025e+01
        82   -1.80259e+01    2.16948e-01    1.18922e+00    1.68100e+01
        83   -1.80289e+01    2.13896e-01    1.17249e+00    1.72225e+01
        84   -1.80311e+01    2.11755e-01    1.16076e+00    1.76400e+01
        85   -1.80339e+01    2.08904e-01    1.14513e+00    1.80625e+01
        86   -1.80360e+01    2.06809e-01    1.13364e+00    1.84900e+01
        87   -1.80387e+01    2.04136e-01    1.11900e+00    1.89225e+01
        88   -1.80407e+01    2.02091e-01    1.10779e+00    1.93600e+01
        89   -1.80432e+01    1.99578e-01    1.09401e+00    1.98025e+01
        90   -1.80452e+01    1.97587e-01    1.08309e+00    2.02500e+01
        91   -1.80476e+01    1.95216e-01    1.07010e+00    2.07025e+01
        92   -1.80495e+01    1.93281e-01    1.05949e+00    2.11600e+01
        93   -1.80518e+01    1.91039e-01    1.04720e+00    2.16225e+01
        94   -1.80536e+01    1.89160e-01    1.03690e+00    2.20900e+01
        95   -1.80558e+01    1.87034e-01    1.02525e+00    2.25625e+01
        96   -1.80576e+01    1.85213e-01    1.01527e+00    2.30400e+01
        97   -1.80596e+01    1.83193e-01    1.00419e+00    2.35225e+01
        98   -1.80614e+01    1.81429e-01    9.94521e-01    2.40100e+01
        99   -1.80633e+01    1.79505e-01    9.83976e-01    2.45025e+01
       100   -1.80650e+01    1.77797e-01    9.74612e-01    2.50000e+01
       101   -1.80668e+01    1.75961e-01    9.64552e-01    2.55025e+01
       102   -1.80685e+01    1.74308e-01    9.55490e-01    2.60100e+01
       103   -1.80703e+01    1.72554e-01    9.45876e-01    2.65225e+01
       104   -1.80719e+01    1.70955e-01    9.37107e-01    2.70400e+01
       105   -1.80735e+01    1.69276e-01    9.27905e-01    2.75625e+01
       106   -1.80751e+01    1.67728e-01    9.19422e-01    2.80900e+01
       107   -1.80767e+01    1.66119e-01    9.10601e-01    2.86225e+01
       108   -1.80782e+01    1.64622e-01    9.02395e-01    2.91600e+01
       109   -1.80797e+01    1.63078e-01    8.93929e-01    2.97025e+01
       110   -1.80812e+01    1.61629e-01    8.85988e-01    3.02500e+01
       111   -1.80827e+01    1.60145e-01    8.77853e-01    3.08025e+01
       112   -1.80841e+01    1.58743e-01    8.70170e-01    3.13600e+01
       113   -1.80855e+01    1.57316e-01    8.62344e-01    3.19225e+01
       114   -1.80868e+01    1.55959e-01    8.54908e-01    3.24900e+01
       115   -1.80882e+01    1.54584e-01    8.47371e-01    3.30625e+01
       116   -1.80895e+01    1.53271e-01    8.40174e-01    3.36400e+01
       117   -1.80909e+01    1.51946e-01    8.32909e-01    3.42225e+01
       118   -1.80921e+01    1.50675e-01    8.25940e-01    3.48100e+01
       119   -1.80934e+01    1.49396e-01    8.18930e-01    3.54025e+01
       120   -1.80946e+01    1.48165e-01    8.12181e-01    3.60000e+01
       121   -1.80959e+01    1.46930e-01    8.05413e-01    3.66025e+01
       122   -1.80971e+01    1.45737e-01    7.98874e-01    3.72100e+01
       123   -1.80983e+01    1.44544e-01    7.92334e-01    3.78225e+01
       124   -1.80994e+01    1.43388e-01    7.85997e-01    3.84400e+01
       125   -1.81006e+01    1.42234e-01    7.79672e-01    3.90625e+01
       126   -1.81017e+01    1.41113e-01    7.73528e-01    3.96900e+01
       127   -1.81028e+01    1.39997e-01    7.67408e-01    4.03225e+01
       128   -1.81039e+01    1.38910e-01    7.61450e-01    4.09600e+01
       129   -1.81050e+01    1.37829e-01    7.55523e-01    4.16025e+01
       130   -1.81060e+01    1.36774e-01    7.49743e-01    4.22500e+01
       131   -1.81071e+01    1.35727e-01    7.44000e-01    4.29025e+01
       132   -1.81081e+01    1.34703e-01    7.38391e-01    4.35600e+01
       133   -1.81091e+01    1.33688e-01    7.32824e-01    4.42225e+01
       134   -1.81101e+01    1.32694e-01    7.27378e-01    4.48900e+01
       135   -1.81111e+01    1.31709e-01    7.21978e-01    4.55625e+01
       136   -1.81121e+01    1.30744e-01    7.16689e-01    4.62400e+01
       137   -1.81130e+01    1.29788e-01    7.11448e-01    4.69225e+01
       138   -1.81140e+01    1.28851e-01    7.06309e-01    4.76100e+01
       139   -1.81149e+01    1.27922e-01    7.01221e-01    4.83025e+01
       140   -1.81158e+01    1.27011e-01    6.96227e-01    4.90000e+01
       141   -1.81167e+01    1.26109e-01    6.91283e-01    4.97025e+01
       142   -1.81176e+01    1.25224e-01    6.86428e-01    5.04100e+01
       143   -1.81185e+01    1.24347e-01    6.81623e-01    5.11225e+01
       144   -1.81193e+01    1.23486e-01    6.76901e-01    5.18400e+01
       145   -1.81202e+01    1.22634e-01    6.72230e-01    5.25625e+01
       146   -1.81210e+01    1.21795e-01    6.67635e-01    5.32900e+01
       147   -1.81218e+01    1.20966e-01    6.63091e-01    5.40225e+01
       148   -1.81227e+01    1.20151e-01    6.58619e-01    5.47600e+01
       149   -1.81235e+01    1.19344e-01    6.54198e-01    5.55025e+01
       150   -1.81243e+01    1.18550e-01    6.49844e-01    5.62500e+01
       151   -1.81250e+01    1.17765e-01    6.45540e-01    5.70025e+01
       152   -1.81258e+01    1.16991e-01    6.41299e-01    5.77600e+01
       153   -1.81266e+01    1.16226e-01    6.37108e-01    5.85225e+01
       154   -1.81273e+01    1.15473e-01    6.32977e-01    5.92900e+01
       155   -1.81281e+01    1.14728e-01    6.28893e-01    6.00625e+01
       156   -1.81288e+01    1.13993e-01    6.24867e-01    6.08400e+01
       157   -1.81295e+01    1.13267e-01    6.20888e-01    6.16225e+01
       158   -1.81303e+01    1.12551e-01    6.16963e-01    6.24100e+01
       159   -1.81310e+01    1.11844e-01    6.13084e-01    6.32025e+01
       160   -1.81317e+01    1.11146e-01    6.09257e-01    6.40000e+01
       161   -1.81324e+01    1.10455e-01    6.05474e-01    6.48025e+01
       162   -1.81330e+01    1.09774e-01    6.01740e-01    6.56100e+01
       163   -1.81337e+01    1.09101e-01    5.98050e-01    6.64225e+01
       164   -1.81344e+01    1.08436e-01    5.94407e-01    6.72400e+01
       165   -1.81350e+01    1.07780e-01    5.90806e-01    6.80625e+01
       166   -1.81357e+01    1.07131e-01    5.87250e-01    6.88900e+01
       167   -1.81363e+01    1.06490e-01    5.83735e-01    6.97225e+01
       168   -1.81370e+01    1.05856e-01    5.80264e-01    7.05600e+01
       169   -1.81376e+01    1.05230e-01    5.76832e-01    7.14025e+01
       170   -1.81382e+01    1.04612e-01    5.73442e-01    7.22500e+01
       171   -1.81388e+01    1.04000e-01    5.70090e-01    7.31025e+01
       172   -1.81394e+01    1.03396e-01    5.66778e-01    7.39600e+01
       173   -1.81400e+01    1.02799e-01    5.63503e-01    7.48225e+01
       174   -1.81406e+01    1.02209e-01    5.60267e-01    7.56900e+01
       175   -1.81412e+01    1.01625e-01    5.57068e-01    7.65625e+01
       176   -1.81418e+01    1.01048e-01    5.53905e-01    7.74400e+01
       177   -1.81423e+01    1.00477e-01    5.50777e-01    7.83225e+01
       178   -1.81429e+01    9.99132e-02    5.47685e-01    7.92100e+01
       179   -1.81435e+01    9.93553e-02    5.44627e-01    8.01025e+01
       180   -1.81440e+01    9.88037e-02    5.41604e-01    8.10000e+01
       181   -1.81446e+01    9.82581e-02    5.38613e-01    8.19025e+01
       182   -1.81451e+01    9.77186e-02    5.35656e-01    8.28100e+01
       183   -1.81456e+01    9.71850e-02    5.32730e-01    8.37225e+01
       184   -1.81462e+01    9.66571e-02    5.29837e-01    8.46400e+01
       185   -1.81467e+01    9.61350e-02    5.26975e-01    8.55625e+01
       186   -1.81472e+01    9.56184e-02    5.24143e-01    8.64900e+01
       187   -1.81477e+01    9.51074e-02    5.21342e-01    8.74225e+01
       188   -1.81482e+01    9.46018e-02    5.18571e-01    8.83600e+01
       189   -1.81487e+01    9.41016e-02    5.15828e-01    8.93025e+01
       190   -1.81492e+01    9.36066e-02    5.13115e-01    9.02500e+01
       191   -1.81497e+01    9.31168e-02    5.10430e-01    9.12025e+01
       192   -1.81502e+01    9.26321e-02    5.07773e-01    9.21600e+01
       193   -1.81507e+01    9.21525e-02    5.05144e-01    9.31225e+01
       194   -1.81511e+01    9.16777e-02    5.02542e-01    9.40900e+01
       195   -1.81516e+01    9.12079e-02    4.99966e-01    9.50625e+01
       196   -1.81521e+01    9.07428e-02    4.97417e-01    9.60400e+01
       197   -1.81525e+01    9.02824e-02    4.94893e-01    9.70225e+01
       198   -1.81530e+01    8.98267e-02    4.92395e-01    9.80100e+01
       199   -1.81534e+01    8.93756e-02    4.89922e-01    9.90025e+01
       200   -1.81539e+01    8.89290e-02    4.87474e-01    1.00000e+02
       201   -1.81543e+01    8.84868e-02    4.85050e-01    1.01003e+02
       202   -1.81548e+01    8.80490e-02    4.82650e-01    1.02010e+02
       203   -1.81552e+01    8.76155e-02    4.80274e-01    1.03023e+02
       204   -1.81556e+01    8.71862e-02    4.77921e-01    1.04040e+02
       205   -1.81560e+01    8.67612e-02    4.75591e-01    1.05062e+02
       206   -1.81565e+01    8.63402e-02    4.73284e-01    1.06090e+02
       207   -1.81569e+01    8.59234e-02    4.70999e-01    1.07122e+02
       208   -1.81573e+01    8.55105e-02    4.68735e-01    1.08160e+02
       209   -1.81577e+01    8.51016e-02    4.66494e-01    1.09202e+02
       210   -1.81581e+01    8.46966e-02    4.64274e-01    1.10250e+02
       211   -1.81585e+01    8.42954e-02    4.62074e-01    1.11303e+02
       212   -1.81589e+01    8.38980e-02    4.59896e-01    1.12360e+02
       213   -1.81593e+01    8.35043e-02    4.57738e-01    1.13423e+02
       214   -1.81597e+01    8.31143e-02    4.55600e-01    1.14490e+02
       215   -1.81601e+01    8.27279e-02    4.53482e-01    1.15562e+02
       216   -1.81605e+01    8.23451e-02    4.51384e-01    1.16640e+02
       217   -1.81608e+01    8.19658e-02    4.49305e-01    1.17722e+02
       218   -1.81612e+01    8.15901e-02    4.47245e-01    1.18810e+02
       219   -1.81616e+01    8.12177e-02    4.45204e-01    1.19902e+02
       220   -1.81620e+01    8.08487e-02    4.43181e-01    1.21000e+02
       221   -1.81623e+01    8.04831e-02    4.41177e-01    1.22103e+02
       222   -1.81627e+01    8.01207e-02    4.39191e-01    1.23210e+02
       223   -1.81630e+01    7.97616e-02    4.37222e-01    1.24323e+02
       224   -1.81634e+01    7.94057e-02    4.35271e-01    1.25440e+02
       225   -1.81638e+01    7.90530e-02    4.33338e-01    1.26562e+02
       226   -1.81641e+01    7.87034e-02    4.31421e-01    1.27690e+02
       227   -1.81645e+01    7.83568e-02    4.29522e-01    1.28822e+02
       228   -1.81648e+01    7.80133e-02    4.27639e-01    1.29960e+02
       229   -1.81651e+01    7.76728e-02    4.25772e-01    1.31102e+02
       230   -1.81655e+01    7.73353e-02    4.23922e-01    1.32250e+02
       231   -1.81658e+01    7.70007e-02    4.22088e-01    1.33403e+02
       232   -1.81661e+01    7.66689e-02    4.20269e-01    1.34560e+02
       233   -1.81665e+01    7.63401e-02    4.18467e-01    1.35722e+02
       234   -1.81668e+01    7.60140e-02    4.16679e-01    1.36890e+02
       235   -1.81671e+01    7.56907e-02    4.14907e-01    1.38062e+02
       236   -1.81674e+01    7.53701e-02    4.13150e-01    1.39240e+02
       237   -1.81678e+01    7.50522e-02    4.11407e-01    1.40422e+02
       238   -1.81681e+01    7.47370e-02    4.09679e-01    1.41610e+02
       239   -1.81684e+01    7.44245e-02    4.07966e-01    1.42802e+02
       240   -1.81687e+01    7.41145e-02    4.06267e-01    1.44000e+02
       241   -1.81690e+01    7.38071e-02    4.04582e-01    1.45203e+02
       242   -1.81693e+01    7.35023e-02    4.02911e-01    1.46410e+02
       243   -1.81696e+01    7.32000e-02    4.01254e-01    1.47623e+02
       244   -1.81699e+01    7.29001e-02    3.99610e-01    1.48840e+02
       245   -1.81702e+01    7.26027e-02    3.97980e-01    1.50062e+02
       246   -1.81705e+01    7.23077e-02    3.96363e-01    1.51290e+02
       247   -1.81708e+01    7.20151e-02    3.94759e-01    1.52522e+02
       248   -1.81711e+01    7.17248e-02    3.93168e-01    1.53760e+02
       249   -1.81714e+01    7.14369e-02    3.91590e-01    1.55002e+02
       250   -1.81717e+01    7.11513e-02    3.90024e-01    1.56250e+02
       251   -1.81719e+01    7.08680e-02    3.88471e-01    1.57503e+02
       252   -1.81722e+01    7.05869e-02    3.86930e-01    1.58760e+02
       253   -1.81725e+01    7.03080e-02    3.85401e-01    1.60023e+02
       254   -1.81728e+01    7.00313e-02    3.83885e-01    1.61290e+02
       255   -1.81731e+01    6.97568e-02    3.82380e-01    1.62562e+02
       256   -1.81733e+01    6.94844e-02    3.80887e-01    1.63840e+02
       257   -1.81736e+01    6.92142e-02    3.79405e-01    1.65123e+02
       258   -1.81739e+01    6.89460e-02    3.77935e-01    1.66410e+02
       259   -1.81741e+01    6.86800e-02    3.76477e-01    1.67702e+02
       260   -1.81744e+01    6.84159e-02    3.75030e-01    1.69000e+02
       261   -1.81747e+01    6.81539e-02    3.73593e-01    1.70303e+02
       262   -1.81749e+01    6.78939e-02    3.72168e-01    1.71610e+02
       263   -1.81752e+01    6.76359e-02    3.70754e-01    1.72923e+02
       264   -1.81754e+01    6.73798e-02    3.69350e-01    1.74240e+02
       265   -1.81757e+01    6.71256e-02    3.67957e-01    1.75562e+02
       266   -1.81759e+01    6.68734e-02    3.66574e-01    1.76890e+02
       267   -1.81762e+01    6.66230e-02    3.65202e-01    1.78222e+02
       268   -1.81764e+01    6.63745e-02    3.63839e-01    1.79560e+02
       269   -1.81767e+01    6.61279e-02    3.62487e-01    1.80902e+02
       270   -1.81769e+01    6.58831e-02    3.61145e-01    1.82250e+02
       271   -1.81772e+01    6.56401e-02    3.59813e-01    1.83603e+02
       272   -1.81774e+01    6.53988e-02    3.58491e-01    1.84960e+02
       273   -1.81776e+01    6.51594e-02    3.57178e-01    1.86323e+02
       274   -1.81779e+01    6.49217e-02    3.55875e-01    1.87690e+02
       275   -1.81781e+01    6.46857e-02    3.54582e-01    1.89062e+02
       276   -1.81784e+01    6.44514e-02    3.53298e-01    1.90440e+02
       277   -1.81786e+01    6.42188e-02    3.52023e-01    1.91822e+02
       278   -1.81788e+01    6.39879e-02    3.50757e-01    1.93210e+02
       279   -1.81790e+01    6.37587e-02    3.49500e-01    1.94602e+02
       280   -1.81793e+01    6.35311e-02    3.48253e-01    1.96000e+02
       281   -1.81795e+01    6.33051e-02    3.47014e-01    1.97403e+02
       282   -1.81797e+01    6.30807e-02    3.45784e-01    1.98810e+02
       283   -1.81800e+01    6.28579e-02    3.44562e-01    2.00222e+02
       284   -1.81802e+01    6.26366e-02    3.43350e-01    2.01640e+02
       285   -1.81804e+01    6.24169e-02    3.42145e-01    2.03062e+02
       286   -1.81806e+01    6.21988e-02    3.40950e-01    2.04490e+02
       287   -1.81808e+01    6.19822e-02    3.39762e-01    2.05922e+02
       288   -1.81810e+01    6.17670e-02    3.38583e-01    2.07360e+02
       289   -1.81813e+01    6.15534e-02    3.37412e-01    2.08802e+02
       290   -1.81815e+01    6.13412e-02    3.36249e-01    2.10250e+02
       291   -1.81817e+01    6.11305e-02    3.35094e-01    2.11703e+02
       292   -1.81819e+01    6.09212e-02    3.33947e-01    2.13160e+02
       293   -1.81821e+01    6.07134e-02    3.32807e-01    2.14623e+02
       294   -1.81823e+01    6.05070e-02    3.31676e-01    2.16090e+02
       295   -1.81825e+01    6.03019e-02    3.30552e-01    2.17562e+02
       296   -1.81827e+01    6.00983e-02    3.29436e-01    2.19040e+02
       297   -1.81829e+01    5.98960e-02    3.28327e-01    2.20522e+02
       298   -1.81831e+01    5.96951e-02    3.27225e-01    2.22010e+02
       299   -1.81833e+01    5.94955e-02    3.26131e-01    2.23502e+02
       300   -1.81835e+01    5.92973e-02    3.25045e-01    2.25000e+02
       301   -1.81837e+01    5.91004e-02    3.23965e-01    2.26503e+02
       302   -1.81839e+01    5.89047e-02    3.22893e-01    2.28010e+02
       303   -1.81841e+01    5.87104e-02    3.21828e-01    2.29523e+02
       304   -1.81843e+01    5.85174e-02    3.20769e-01    2.31040e+02
       305   -1.81845e+01    5.83256e-02    3.19718e-01    2.32562e+02
       306   -1.81847e+01    5.81350e-02    3.18674e-01    2.34090e+02
       307   -1.81849e+01    5.79457e-02    3.17636e-01    2.35623e+02
       308   -1.81851e+01    5.77577e-02    3.16605e-01    2.37160e+02
       309   -1.81852e+01    5.75708e-02    3.15581e-01    2.38702e+02
       310   -1.81854e+01    5.73852e-02    3.14563e-01    2.40250e+02
       311   -1.81856e+01    5.72007e-02    3.13552e-01    2.41803e+02
       312   -1.81858e+01    5.70175e-02    3.12548e-01    2.43360e+02
       313   -1.81860e+01    5.68354e-02    3.11549e-01    2.44923e+02
       314   -1.81862e+01    5.66544e-02    3.10558e-01    2.46490e+02
       315   -1.81863e+01    5.64746e-02    3.09572e-01    2.48062e+02
       316   -1.81865e+01    5.62960e-02    3.08593e-01    2.49640e+02
       317   -1.81867e+01    5.61185e-02    3.07620e-01    2.51222e+02
       318   -1.81869e+01    5.59420e-02    3.06653e-01    2.52810e+02
       319   -1.81870e+01    5.57667e-02    3.05692e-01    2.54402e+02
       320   -1.81872e+01    5.55925e-02    3.04737e-01    2.56000e+02
       321   -1.81874e+01    5.54194e-02    3.03788e-01    2.57603e+02
       322   -1.81876e+01    5.52474e-02    3.02845e-01    2.59210e+02
       323   -1.81877e+01    5.50764e-02    3.01907e-01    2.60822e+02
       324   -1.81879e+01    5.49064e-02    3.00976e-01    2.62440e+02
       325   -1.81881e+01    5.47376e-02    3.00050e-01    2.64062e+02
       326   -1.81882e+01    5.45697e-02    2.99130e-01    2.65690e+02
       327   -1.81884e+01    5.44029e-02    2.98216e-01    2.67323e+02
       328   -1.81886e+01    5.42371e-02    2.97307e-01    2.68960e+02
       329   -1.81887e+01    5.40723e-02    2.96403e-01    2.70602e+02
       330   -1.81889e+01    5.39085e-02    2.95505e-01    2.72250e+02
       331   -1.81891e+01    5.37457e-02    2.94613e-01    2.73903e+02
       332   -1.81892e+01    5.35839e-02    2.93726e-01    2.75560e+02
       333   -1.81894e+01    5.34230e-02    2.92844e-01    2.77222e+02
       334   -1.81895e+01    5.32631e-02    2.91968e-01    2.78890e+02
       335   -1.81897e+01    5.31042e-02    2.91096e-01    2.80562e+02
       336   -1.81899e+01    5.29462e-02    2.90230e-01    2.82240e+02
       337   -1.81900e+01    5.27891e-02    2.89369e-01    2.83923e+02
       338   -1.81902e+01    5.26330e-02    2.88514e-01    2.85610e+02
       339   -1.81903e+01    5.24778e-02    2.87663e-01    2.87302e+02
       340   -1.81905e+01    5.23235e-02    2.86817e-01    2.89000e+02
       341   -1.81906e+01    5.21701e-02    2.85976e-01    2.90703e+02
       342   -1.81908e+01    5.20176e-02    2.85140e-01    2.92410e+02
       343   -1.81909e+01    5.18660e-02    2.84309e-01    2.94122e+02
       344   -1.81911e+01    5.17153e-02    2.83483e-01    2.95840e+02
       345   -1.81912e+01    5.15654e-02    2.82662e-01    2.97562e+02
       346   -1.81914e+01    5.14164e-02    2.81845e-01    2.99290e+02
       347   -1.81915e+01    5.12683e-02    2.81033e-01    3.01023e+02
       348   -1.81917e+01    5.11210e-02    2.80226e-01    3.02760e+02
       349   -1.81918e+01    5.09746e-02    2.79423e-01    3.04502e+02
       350   -1.81920e+01    5.08290e-02    2.78625e-01    3.06250e+02
       351   -1.81921e+01    5.06843e-02    2.77831e-01    3.08002e+02
       352   -1.81923e+01    5.05403e-02    2.77042e-01    3.09760e+02
       353   -1.81924e+01    5.03972e-02    2.76258e-01    3.11522e+02
       354   -1.81926e+01    5.02549e-02    2.75478e-01    3.13290e+02
       355   -1.81927e+01    5.01133e-02    2.74702e-01    3.15062e+02
       356   -1.81928e+01    4.99726e-02    2.73931e-01    3.16840e+02
       357   -1.81930e+01    4.98327e-02    2.73163e-01    3.18623e+02
       358   -1.81931e+01    4.96935e-02    2.72401e-01    3.20410e+02
       359   -1.81933e+01    4.95552e-02    2.71642e-01    3.22202e+02
       360   -1.81934e+01    4.94176e-02    2.70888e-01    3.24000e+02
       361   -1.81935e+01    4.92807e-02    2.70138e-01    3.25803e+02
       362   -1.81937e+01    4.91446e-02    2.69392e-01    3.27610e+02
       363   -1.81938e+01    4.90093e-02    2.68650e-01    3.29422e+02
       364   -1.81939e+01    4.88747e-02    2.67912e-01    3.31240e+02
       365   -1.81941e+01    4.87408e-02    2.67178e-01    3.33062e+02
       366   -1.81942e+01    4.86077e-02    2.66448e-01    3.34890e+02
       367   -1.81943e+01    4.84753e-02    2.65723e-01    3.36723e+02
       368   -1.81945e+01    4.83436e-02    2.65001e-01    3.38560e+02
       369   -1.81946e+01    4.82126e-02    2.64283e-01    3.40402e+02
       370   -1.81947e+01    4.80824e-02    2.63569e-01    3.42250e+02
       371   -1.81949e+01    4.79528e-02    2.62859e-01    3.44103e+02
       372   -1.81950e+01    4.78239e-02    2.62152e-01    3.45960e+02
       373   -1.81951e+01    4.76958e-02    2.61450e-01    3.47822e+02
       374   -1.81952e+01    4.75683e-02    2.60751e-01    3.49690e+02
       375   -1.81954e+01    4.74415e-02    2.60056e-01    3.51562e+02
       376   -1.81955e+01    4.73153e-02    2.59364e-01    3.53440e+02
       377   -1.81956e+01    4.71899e-02    2.58676e-01    3.55323e+02
       378   -1.81957e+01    4.70651e-02    2.57992e-01    3.57210e+02
       379   -1.81959e+01    4.69409e-02    2.57312e-01    3.59102e+02
       380   -1.81960e+01    4.68174e-02    2.56635e-01    3.61000e+02
       381   -1.81961e+01    4.66946e-02    2.55962e-01    3.62903e+02
       382   -1.81962e+01    4.65724e-02    2.55292e-01    3.64810e+02
       383   -1.81964e+01    4.64508e-02    2.54625e-01    3.66722e+02
       384   -1.81965e+01    4.63299e-02    2.53962e-01    3.68640e+02
       385   -1.81966e+01    4.62096e-02    2.53303e-01    3.70562e+02
       386   -1.81967e+01    4.60899e-02    2.52647e-01    3.72490e+02
       387   -1.81968e+01    4.59708e-02    2.51994e-01    3.74423e+02
       388   -1.81970e+01    4.58524e-02    2.51345e-01    3.76360e+02
       389   -1.81971e+01    4.57346e-02    2.50699e-01    3.78302e+02
       390   -1.81972e+01    4.56173e-02    2.50056e-01    3.80250e+02
       391   -1.81973e+01    4.55007e-02    2.49417e-01    3.82203e+02
       392   -1.81974e+01    4.53846e-02    2.48781e-01    3.84160e+02
       393   -1.81975e+01    4.52692e-02    2.48148e-01    3.86122e+02
       394   -1.81977e+01    4.51543e-02    2.47519e-01    3.88090e+02
       395   -1.81978e+01    4.50401e-02    2.46892e-01    3.90062e+02
       396   -1.81979e+01    4.49264e-02    2.46269e-01    3.92040e+02
       397   -1.81980e+01    4.48132e-02    2.45649e-01    3.94023e+02
       398   -1.81981e+01    4.47007e-02    2.45032e-01    3.96010e+02
       399   -1.81982e+01    4.45887e-02    2.44418e-01    3.98002e+02
