         2   -7.21631e+01    9.90765e+00    1.20721e+01    1.00000e-02
         3   -7.70262e+01    5.04446e+00    6.14648e+00    2.25000e-02
         4   -7.86401e+01    3.43058e+00    4.18003e+00    4.00000e-02
         5   -7.94671e+01    2.60361e+00    3.17240e+00    6.25000e-02
         6   -7.99716e+01    2.09913e+00    2.55771e+00    9.00000e-02
         7   -8.03119e+01    1.75886e+00    2.14310e+00    1.22500e-01
         8   -8.05570e+01    1.51371e+00    1.84439e+00    1.60000e-01
         9   -8.07421e+01    1.32863e+00    1.61888e+00    2.02500e-01
        10   -8.08868e+01    1.18392e+00    1.44256e+00    2.50000e-01
        11   -8.10030e+01    1.06767e+00    1.30092e+00    3.02500e-01
        12   -8.10985e+01    9.72228e-01    1.18462e+00    3.60000e-01
        13   -8.11783e+01    8.92458e-01    1.08743e+00    4.22500e-01
        14   -8.12459e+01    8.24793e-01    1.00498e+00    4.90000e-01
        15   -8.13040e+01    7.66671e-01    9.34159e-01    5.62500e-01
        16   -8.13545e+01    7.16204e-01    8.72667e-01    6.40000e-01
        17   -8.13987e+01    6.71973e-01    8.18774e-01    7.22500e-01
        18   -8.14378e+01    6.32890e-01    7.71152e-01    8.10000e-01
        19   -8.14726e+01    5.98104e-01    7.28767e-01    9.02500e-01
        20   -8.15038e+01    5.66944e-01    6.90800e-01    1.00000e+00
        21   -8.15318e+01    5.38871e-01    6.56594e-01    1.10250e+00
        22   -8.15573e+01    5.13448e-01    6.25616e-01    1.21000e+00
        23   -8.15804e+01    4.90315e-01    5.97431e-01    1.32250e+00
        24   -8.16015e+01    4.69178e-01    5.71676e-01    1.44000e+00
        25   -8.16209e+01    4.49788e-01    5.48050e-01    1.56250e+00
        26   -8.16388e+01    4.31938e-01    5.26299e-01    1.69000e+00
        27   -8.16553e+01    4.15450e-01    5.06210e-01    1.82250e+00
        28   -8.16705e+01    4.00175e-01    4.87598e-01    1.96000e+00
        29   -8.16847e+01    3.85984e-01    4.70306e-01    2.10250e+00
        30   -8.16979e+01    3.72764e-01    4.54199e-01    2.25000e+00
        31   -8.17103e+01    3.60421e-01    4.39159e-01    2.40250e+00
        32   -8.17218e+01    3.48868e-01    4.25083e-01    2.56000e+00
        33   -8.17327e+01    3.38034e-01    4.11881e-01    2.72250e+00
        34   -8.17429e+01    3.27852e-01    3.99475e-01    2.89000e+00
        35   -8.17524e+01    3.18265e-01    3.87794e-01    3.06250e+00
        36   -8.17615e+01    3.09224e-01    3.76777e-01    3.24000e+00
        37   -8.17700e+01    3.00682e-01    3.66369e-01    3.42250e+00
        38   -8.17781e+01    2.92599e-01    3.56520e-01    3.61000e+00
        39   -8.17858e+01    2.84939e-01    3.47188e-01    3.80250e+00
        40   -8.17930e+01    2.77670e-01    3.38331e-01    4.00000e+00
        41   -8.17999e+01    2.70763e-01    3.29915e-01    4.20250e+00
        42   -8.18065e+01    2.64192e-01    3.21907e-01    4.41000e+00
        43   -8.18128e+01    2.57931e-01    3.14279e-01    4.62250e+00
        44   -8.18187e+01    2.51961e-01    3.07004e-01    4.84000e+00
        45   -8.18245e+01    2.46260e-01    3.00059e-01    5.06250e+00
        46   -8.18299e+01    2.40812e-01    2.93421e-01    5.29000e+00
        47   -8.18351e+01    2.35600e-01    2.87070e-01    5.52250e+00
        48   -8.18401e+01    2.30609e-01    2.80988e-01    5.76000e+00
        49   -8.18449e+01    2.25824e-01    2.75158e-01    6.00250e+00
        50   -8.18495e+01    2.21235e-01    2.69566e-01    6.25000e+00
        51   -8.18539e+01    2.16828e-01    2.64196e-01    6.50250e+00
        52   -8.18581e+01    2.12593e-01    2.59036e-01    6.76000e+00
        53   -8.18622e+01    2.08520e-01    2.54074e-01    7.02250e+00
        54   -8.18661e+01    2.04601e-01    2.49298e-01    7.29000e+00
        55   -8.18699e+01    2.00826e-01    2.44699e-01    7.56250e+00
        56   -8.18735e+01    1.97188e-01    2.40266e-01    7.84000e+00
        57   -8.18770e+01    1.93680e-01    2.35991e-01    8.12250e+00
        58   -8.18804e+01    1.90294e-01    2.31866e-01    8.41000e+00
        59   -8.18837e+01    1.87024e-01    2.27882e-01    8.70250e+00
        60   -8.18868e+01    1.83865e-01    2.24033e-01    9.00000e+00
        61   -8.18899e+01    1.80811e-01    2.20311e-01    9.30250e+00
        62   -8.18929e+01    1.77857e-01    2.16712e-01    9.61000e+00
        63   -8.18957e+01    1.74997e-01    2.13228e-01    9.92250e+00
        64   -8.18985e+01    1.72229e-01    2.09854e-01    1.02400e+01
        65   -8.19012e+01    1.69546e-01    2.06585e-01    1.05625e+01
        66   -8.19038e+01    1.66946e-01    2.03417e-01    1.08900e+01
        67   -8.19063e+01    1.64424e-01    2.00344e-01    1.12225e+01
        68   -8.19087e+01    1.61977e-01    1.97363e-01    1.15600e+01
        69   -8.19111e+01    1.59602e-01    1.94469e-01    1.19025e+01
        70   -8.19134e+01    1.57296e-01    1.91659e-01    1.22500e+01
        71   -8.19157e+01    1.55056e-01    1.88929e-01    1.26025e+01
        72   -8.19178e+01    1.52878e-01    1.86276e-01    1.29600e+01
        73   -8.19199e+01    1.50761e-01    1.83696e-01    1.33225e+01
        74   -8.19220e+01    1.48701e-01    1.81186e-01    1.36900e+01
        75   -8.19240e+01    1.46697e-01    1.78745e-01    1.40625e+01
        76   -8.19260e+01    1.44746e-01    1.76368e-01    1.44400e+01
        77   -8.19279e+01    1.42847e-01    1.74053e-01    1.48225e+01
        78   -8.19297e+01    1.40997e-01    1.71799e-01    1.52100e+01
        79   -8.19315e+01    1.39194e-01    1.69602e-01    1.56025e+01
        80   -8.19333e+01    1.37436e-01    1.67461e-01    1.60000e+01
        81   -8.19350e+01    1.35723e-01    1.65373e-01    1.64025e+01
        82   -8.19367e+01    1.34051e-01    1.63336e-01    1.68100e+01
        83   -8.19383e+01    1.32421e-01    1.61349e-01    1.72225e+01
        84   -8.19399e+01    1.30829e-01    1.59410e-01    1.76400e+01
        85   -8.19414e+01    1.29275e-01    1.57517e-01    1.80625e+01
        86   -8.19430e+01    1.27758e-01    1.55668e-01    1.84900e+01
        87   -8.19444e+01    1.26276e-01    1.53862e-01    1.89225e+01
        88   -8.19459e+01    1.24828e-01    1.52098e-01    1.93600e+01
        89   -8.19473e+01    1.23413e-01    1.50374e-01    1.98025e+01
        90   -8.19487e+01    1.22029e-01    1.48688e-01    2.02500e+01
        91   -8.19500e+01    1.20676e-01    1.47040e-01    2.07025e+01
        92   -8.19514e+01    1.19353e-01    1.45427e-01    2.11600e+01
        93   -8.19527e+01    1.18059e-01    1.43850e-01    2.16225e+01
        94   -8.19539e+01    1.16792e-01    1.42307e-01    2.20900e+01
        95   -8.19552e+01    1.15552e-01    1.40796e-01    2.25625e+01
        96   -8.19564e+01    1.14339e-01    1.39317e-01    2.30400e+01
        97   -8.19576e+01    1.13150e-01    1.37869e-01    2.35225e+01
        98   -8.19587e+01    1.11986e-01    1.36451e-01    2.40100e+01
        99   -8.19599e+01    1.10846e-01    1.35061e-01    2.45025e+01
       100   -8.19610e+01    1.09728e-01    1.33700e-01    2.50000e+01
       101   -8.19621e+01    1.08633e-01    1.32365e-01    2.55025e+01
       102   -8.19632e+01    1.07560e-01    1.31058e-01    2.60100e+01
       103   -8.19642e+01    1.06507e-01    1.29775e-01    2.65225e+01
       104   -8.19652e+01    1.05475e-01    1.28518e-01    2.70400e+01
       105   -8.19662e+01    1.04463e-01    1.27284e-01    2.75625e+01
       106   -8.19672e+01    1.03470e-01    1.26075e-01    2.80900e+01
       107   -8.19682e+01    1.02496e-01    1.24887e-01    2.86225e+01
       108   -8.19692e+01    1.01540e-01    1.23722e-01    2.91600e+01
       109   -8.19701e+01    1.00602e-01    1.22579e-01    2.97025e+01
       110   -8.19710e+01    9.96803e-02    1.21457e-01    3.02500e+01
       111   -8.19719e+01    9.87758e-02    1.20354e-01    3.08025e+01
       112   -8.19728e+01    9.78875e-02    1.19272e-01    3.13600e+01
       113   -8.19737e+01    9.70151e-02    1.18209e-01    3.19225e+01
       114   -8.19746e+01    9.61581e-02    1.17165e-01    3.24900e+01
       115   -8.19754e+01    9.53162e-02    1.16139e-01    3.30625e+01
       116   -8.19762e+01    9.44888e-02    1.15131e-01    3.36400e+01
       117   -8.19770e+01    9.36757e-02    1.14140e-01    3.42225e+01
       118   -8.19778e+01    9.28764e-02    1.13166e-01    3.48100e+01
       119   -8.19786e+01    9.20907e-02    1.12209e-01    3.54025e+01
       120   -8.19794e+01    9.13181e-02    1.11268e-01    3.60000e+01
       121   -8.19802e+01    9.05584e-02    1.10342e-01    3.66025e+01
       122   -8.19809e+01    8.98113e-02    1.09432e-01    3.72100e+01
       123   -8.19816e+01    8.90764e-02    1.08536e-01    3.78225e+01
       124   -8.19824e+01    8.83534e-02    1.07655e-01    3.84400e+01
       125   -8.19831e+01    8.76420e-02    1.06788e-01    3.90625e+01
       126   -8.19838e+01    8.69420e-02    1.05935e-01    3.96900e+01
       127   -8.19845e+01    8.62531e-02    1.05096e-01    4.03225e+01
       128   -8.19851e+01    8.55750e-02    1.04270e-01    4.09600e+01
       129   -8.19858e+01    8.49076e-02    1.03457e-01    4.16025e+01
       130   -8.19865e+01    8.42504e-02    1.02656e-01    4.22500e+01
       131   -8.19871e+01    8.36033e-02    1.01867e-01    4.29025e+01
       132   -8.19877e+01    8.29661e-02    1.01091e-01    4.35600e+01
       133   -8.19884e+01    8.23386e-02    1.00326e-01    4.42225e+01
       134   -8.19890e+01    8.17204e-02    9.95732e-02    4.48900e+01
       135   -8.19896e+01    8.11115e-02    9.88313e-02    4.55625e+01
       136   -8.19902e+01    8.05116e-02    9.81003e-02    4.62400e+01
       137   -8.19908e+01    7.99205e-02    9.73800e-02    4.69225e+01
       138   -8.19914e+01    7.93380e-02    9.66703e-02    4.76100e+01
       139   -8.19919e+01    7.87639e-02    9.59708e-02    4.83025e+01
       140   -8.19925e+01    7.81981e-02    9.52814e-02    4.90000e+01
       141   -8.19931e+01    7.76404e-02    9.46018e-02    4.97025e+01
       142   -8.19936e+01    7.70905e-02    9.39318e-02    5.04100e+01
       143   -8.19942e+01    7.65484e-02    9.32713e-02    5.11225e+01
       144   -8.19947e+01    7.60139e-02    9.26200e-02    5.18400e+01
       145   -8.19952e+01    7.54868e-02    9.19777e-02    5.25625e+01
       146   -8.19957e+01    7.49669e-02    9.13443e-02    5.32900e+01
       147   -8.19963e+01    7.44541e-02    9.07195e-02    5.40225e+01
       148   -8.19968e+01    7.39484e-02    9.01032e-02    5.47600e+01
       149   -8.19973e+01    7.34494e-02    8.94953e-02    5.55025e+01
       150   -8.19978e+01    7.29571e-02    8.88954e-02    5.62500e+01
       151   -8.19982e+01    7.24714e-02    8.83036e-02    5.70025e+01
       152   -8.19987e+01    7.19921e-02    8.77196e-02    5.77600e+01
       153   -8.19992e+01    7.15191e-02    8.71433e-02    5.85225e+01
       154   -8.19997e+01    7.10523e-02    8.65745e-02    5.92900e+01
       155   -8.20001e+01    7.05915e-02    8.60130e-02    6.00625e+01
       156   -8.20006e+01    7.01367e-02    8.54589e-02    6.08400e+01
       157   -8.20010e+01    6.96877e-02    8.49118e-02    6.16225e+01
       158   -8.20015e+01    6.92444e-02    8.43716e-02    6.24100e+01
       159   -8.20019e+01    6.88067e-02    8.38383e-02    6.32025e+01
       160   -8.20023e+01    6.83745e-02    8.33117e-02    6.40000e+01
       161   -8.20028e+01    6.79477e-02    8.27917e-02    6.48025e+01
       162   -8.20032e+01    6.75262e-02    8.22781e-02    6.56100e+01
       163   -8.20036e+01    6.71099e-02    8.17708e-02    6.64225e+01
       164   -8.20040e+01    6.66987e-02    8.12698e-02    6.72400e+01
       165   -8.20044e+01    6.62925e-02    8.07749e-02    6.80625e+01
       166   -8.20048e+01    6.58912e-02    8.02859e-02    6.88900e+01
       167   -8.20052e+01    6.54948e-02    7.98029e-02    6.97225e+01
       168   -8.20056e+01    6.51031e-02    7.93256e-02    7.05600e+01
       169   -8.20060e+01    6.47160e-02    7.88540e-02    7.14025e+01
       170   -8.20064e+01    6.43336e-02    7.83880e-02    7.22500e+01
       171   -8.20068e+01    6.39556e-02    7.79274e-02    7.31025e+01
       172   -8.20071e+01    6.35820e-02    7.74723e-02    7.39600e+01
       173   -8.20075e+01    6.32128e-02    7.70224e-02    7.48225e+01
       174   -8.20079e+01    6.28479e-02    7.65777e-02    7.56900e+01
       175   -8.20082e+01    6.24871e-02    7.61381e-02    7.65625e+01
       176   -8.20086e+01    6.21304e-02    7.57035e-02    7.74400e+01
       177   -8.20089e+01    6.17778e-02    7.52739e-02    7.83225e+01
       178   -8.20093e+01    6.14292e-02    7.48491e-02    7.92100e+01
       179   -8.20096e+01    6.10845e-02    7.44291e-02    8.01025e+01
       180   -8.20100e+01    6.07436e-02    7.40138e-02    8.10000e+01
       181   -8.20103e+01    6.04065e-02    7.36031e-02    8.19025e+01
       182   -8.20106e+01    6.00732e-02    7.31969e-02    8.28100e+01
       183   -8.20110e+01    5.97435e-02    7.27951e-02    8.37225e+01
       184   -8.20113e+01    5.94174e-02    7.23978e-02    8.46400e+01
       185   -8.20116e+01    5.90948e-02    7.20048e-02    8.55625e+01
       186   -8.20119e+01    5.87757e-02    7.16160e-02    8.64900e+01
       187   -8.20123e+01    5.84601e-02    7.12314e-02    8.74225e+01
       188   -8.20126e+01    5.81478e-02    7.08509e-02    8.83600e+01
       189   -8.20129e+01    5.78389e-02    7.04744e-02    8.93025e+01
       190   -8.20132e+01    5.75332e-02    7.01019e-02    9.02500e+01
       191   -8.20135e+01    5.72307e-02    6.97334e-02    9.12025e+01
       192   -8.20138e+01    5.69314e-02    6.93687e-02    9.21600e+01
       193   -8.20141e+01    5.66352e-02    6.90078e-02    9.31225e+01
       194   -8.20144e+01    5.63420e-02    6.86506e-02    9.40900e+01
       195   -8.20147e+01    5.60519e-02    6.82971e-02    9.50625e+01
       196   -8.20149e+01    5.57648e-02    6.79472e-02    9.60400e+01
       197   -8.20152e+01    5.54805e-02    6.76009e-02    9.70225e+01
       198   -8.20155e+01    5.51992e-02    6.72581e-02    9.80100e+01
       199   -8.20158e+01    5.49207e-02    6.69188e-02    9.90025e+01
       200   -8.20161e+01    5.46450e-02    6.65829e-02    1.00000e+02
       201   -8.20163e+01    5.43721e-02    6.62503e-02    1.01003e+02
       202   -8.20166e+01    5.41018e-02    6.59210e-02    1.02010e+02
       203   -8.20169e+01    5.38343e-02    6.55950e-02    1.03023e+02
       204   -8.20171e+01    5.35694e-02    6.52722e-02    1.04040e+02
       205   -8.20174e+01    5.33070e-02    6.49526e-02    1.05062e+02
       206   -8.20177e+01    5.30472e-02    6.46360e-02    1.06090e+02
       207   -8.20179e+01    5.27900e-02    6.43226e-02    1.07122e+02
       208   -8.20182e+01    5.25352e-02    6.40121e-02    1.08160e+02
       209   -8.20184e+01    5.22829e-02    6.37047e-02    1.09202e+02
       210   -8.20187e+01    5.20330e-02    6.34002e-02    1.10250e+02
       211   -8.20189e+01    5.17855e-02    6.30986e-02    1.11303e+02
       212   -8.20192e+01    5.15403e-02    6.27998e-02    1.12360e+02
       213   -8.20194e+01    5.12974e-02    6.25039e-02    1.13423e+02
       214   -8.20197e+01    5.10568e-02    6.22107e-02    1.14490e+02
       215   -8.20199e+01    5.08184e-02    6.19203e-02    1.15562e+02
       216   -8.20201e+01    5.05823e-02    6.16326e-02    1.16640e+02
       217   -8.20204e+01    5.03483e-02    6.13475e-02    1.17722e+02
       218   -8.20206e+01    5.01165e-02    6.10651e-02    1.18810e+02
       219   -8.20208e+01    4.98869e-02    6.07852e-02    1.19902e+02
       220   -8.20211e+01    4.96593e-02    6.05079e-02    1.21000e+02
       221   -8.20213e+01    4.94338e-02    6.02331e-02    1.22103e+02
       222   -8.20215e+01    4.92103e-02    5.99608e-02    1.23210e+02
       223   -8.20217e+01    4.89888e-02    5.96910e-02    1.24323e+02
       224   -8.20219e+01    4.87693e-02    5.94236e-02    1.25440e+02
       225   -8.20222e+01    4.85518e-02    5.91585e-02    1.26562e+02
       226   -8.20224e+01    4.83362e-02    5.88958e-02    1.27690e+02
       227   -8.20226e+01    4.81225e-02    5.86355e-02    1.28822e+02
       228   -8.20228e+01    4.79107e-02    5.83774e-02    1.29960e+02
       229   -8.20230e+01    4.77008e-02    5.81216e-02    1.31102e+02
       230   -8.20232e+01    4.74927e-02    5.78680e-02    1.32250e+02
       231   -8.20234e+01    4.72864e-02    5.76166e-02    1.33403e+02
       232   -8.20236e+01    4.70819e-02    5.73674e-02    1.34560e+02
       233   -8.20238e+01    4.68791e-02    5.71204e-02    1.35722e+02
       234   -8.20240e+01    4.66781e-02    5.68754e-02    1.36890e+02
       235   -8.20242e+01    4.64788e-02    5.66326e-02    1.38062e+02
       236   -8.20244e+01    4.62812e-02    5.63918e-02    1.39240e+02
       237   -8.20246e+01    4.60852e-02    5.61531e-02    1.40422e+02
       238   -8.20248e+01    4.58909e-02    5.59163e-02    1.41610e+02
       239   -8.20250e+01    4.56983e-02    5.56816e-02    1.42802e+02
       240   -8.20252e+01    4.55072e-02    5.54488e-02    1.44000e+02
       241   -8.20254e+01    4.53178e-02    5.52180e-02    1.45203e+02
       242   -8.20256e+01    4.51299e-02    5.49891e-02    1.46410e+02
       243   -8.20258e+01    4.49436e-02    5.47620e-02    1.47623e+02
       244   -8.20260e+01    4.47588e-02    5.45369e-02    1.48840e+02
       245   -8.20261e+01    4.45755e-02    5.43135e-02    1.50062e+02
       246   -8.20263e+01    4.43937e-02    5.40920e-02    1.51290e+02
       247   -8.20265e+01    4.42134e-02    5.38723e-02    1.52522e+02
       248   -8.20267e+01    4.40345e-02    5.36544e-02    1.53760e+02
       249   -8.20269e+01    4.38571e-02    5.34382e-02    1.55002e+02
       250   -8.20270e+01    4.36811e-02    5.32238e-02    1.56250e+02
       251   -8.20272e+01    4.35066e-02    5.30111e-02    1.57503e+02
       252   -8.20274e+01    4.33334e-02    5.28000e-02    1.58760e+02
       253   -8.20275e+01    4.31616e-02    5.25907e-02    1.60023e+02
       254   -8.20277e+01    4.29911e-02    5.23830e-02    1.61290e+02
       255   -8.20279e+01    4.28220e-02    5.21769e-02    1.62562e+02
       256   -8.20281e+01    4.26542e-02    5.19725e-02    1.63840e+02
       257   -8.20282e+01    4.24877e-02    5.17696e-02    1.65123e+02
       258   -8.20284e+01    4.23225e-02    5.15683e-02    1.66410e+02
       259   -8.20286e+01    4.21586e-02    5.13686e-02    1.67702e+02
       260   -8.20287e+01    4.19960e-02    5.11705e-02    1.69000e+02
       261   -8.20289e+01    4.18346e-02    5.09738e-02    1.70303e+02
       262   -8.20290e+01    4.16744e-02    5.07786e-02    1.71610e+02
       263   -8.20292e+01    4.15155e-02    5.05850e-02    1.72923e+02
       264   -8.20294e+01    4.13577e-02    5.03928e-02    1.74240e+02
       265   -8.20295e+01    4.12012e-02    5.02021e-02    1.75562e+02
       266   -8.20297e+01    4.10458e-02    5.00128e-02    1.76890e+02
       267   -8.20298e+01    4.08916e-02    4.98249e-02    1.78222e+02
       268   -8.20300e+01    4.07386e-02    4.96384e-02    1.79560e+02
       269   -8.20301e+01    4.05867e-02    4.94534e-02    1.80902e+02
       270   -8.20303e+01    4.04360e-02    4.92697e-02    1.82250e+02
       271   -8.20304e+01    4.02863e-02    4.90873e-02    1.83603e+02
       272   -8.20306e+01    4.01378e-02    4.89063e-02    1.84960e+02
       273   -8.20307e+01    3.99903e-02    4.87266e-02    1.86323e+02
       274   -8.20309e+01    3.98439e-02    4.85483e-02    1.87690e+02
       275   -8.20310e+01    3.96986e-02    4.83712e-02    1.89062e+02
       276   -8.20312e+01    3.95544e-02    4.81955e-02    1.90440e+02
       277   -8.20313e+01    3.94112e-02    4.80210e-02    1.91822e+02
       278   -8.20314e+01    3.92690e-02    4.78478e-02    1.93210e+02
       279   -8.20316e+01    3.91278e-02    4.76758e-02    1.94602e+02
       280   -8.20317e+01    3.89877e-02    4.75050e-02    1.96000e+02
       281   -8.20319e+01    3.88486e-02    4.73355e-02    1.97403e+02
       282   -8.20320e+01    3.87104e-02    4.71671e-02    1.98810e+02
       283   -8.20321e+01    3.85732e-02    4.70000e-02    2.00222e+02
       284   -8.20323e+01    3.84370e-02    4.68341e-02    2.01640e+02
       285   -8.20324e+01    3.83018e-02    4.66693e-02    2.03062e+02
       286   -8.20325e+01    3.81675e-02    4.65056e-02    2.04490e+02
       287   -8.20327e+01    3.80341e-02    4.63431e-02    2.05922e+02
       288   -8.20328e+01    3.79017e-02    4.61818e-02    2.07360e+02
       289   -8.20329e+01    3.77702e-02    4.60215e-02    2.08802e+02
       290   -8.20331e+01    3.76396e-02    4.58624e-02    2.10250e+02
       291   -8.20332e+01    3.75099e-02    4.57044e-02    2.11703e+02
       292   -8.20333e+01    3.73811e-02    4.55474e-02    2.13160e+02
       293   -8.20335e+01    3.72532e-02    4.53915e-02    2.14623e+02
       294   -8.20336e+01    3.71261e-02    4.52367e-02    2.16090e+02
       295   -8.20337e+01    3.69999e-02    4.50830e-02    2.17562e+02
       296   -8.20338e+01    3.68746e-02    4.49303e-02    2.19040e+02
       297   -8.20340e+01    3.67501e-02    4.47786e-02    2.20522e+02
       298   -8.20341e+01    3.66264e-02    4.46279e-02    2.22010e+02
       299   -8.20342e+01    3.65036e-02    4.44783e-02    2.23502e+02
       300   -8.20343e+01    3.63816e-02    4.43296e-02    2.25000e+02
       301   -8.20345e+01    3.62604e-02    4.41819e-02    2.26503e+02
       302   -8.20346e+01    3.61400e-02    4.40353e-02    2.28010e+02
       303   -8.20347e+01    3.60205e-02    4.38895e-02    2.29523e+02
       304   -8.20348e+01    3.59017e-02    4.37448e-02    2.31040e+02
       305   -8.20349e+01    3.57836e-02    4.36010e-02    2.32562e+02
       306   -8.20350e+01    3.56664e-02    4.34581e-02    2.34090e+02
       307   -8.20352e+01    3.55499e-02    4.33162e-02    2.35623e+02
       308   -8.20353e+01    3.54342e-02    4.31752e-02    2.37160e+02
       309   -8.20354e+01    3.53192e-02    4.30351e-02    2.38702e+02
       310   -8.20355e+01    3.52050e-02    4.28959e-02    2.40250e+02
       311   -8.20356e+01    3.50915e-02    4.27577e-02    2.41803e+02
       312   -8.20357e+01    3.49788e-02    4.26203e-02    2.43360e+02
       313   -8.20358e+01    3.48667e-02    4.24837e-02    2.44923e+02
       314   -8.20360e+01    3.47554e-02    4.23481e-02    2.46490e+02
       315   -8.20361e+01    3.46448e-02    4.22133e-02    2.48062e+02
       316   -8.20362e+01    3.45349e-02    4.20794e-02    2.49640e+02
       317   -8.20363e+01    3.44256e-02    4.19463e-02    2.51222e+02
       318   -8.20364e+01    3.43171e-02    4.18141e-02    2.52810e+02
       319   -8.20365e+01    3.42093e-02    4.16827e-02    2.54402e+02
       320   -8.20366e+01    3.41021e-02    4.15521e-02    2.56000e+02
       321   -8.20367e+01    3.39956e-02    4.14223e-02    2.57603e+02
       322   -8.20368e+01    3.38898e-02    4.12934e-02    2.59210e+02
       323   -8.20369e+01    3.37846e-02    4.11652e-02    2.60822e+02
       324   -8.20370e+01    3.36801e-02    4.10379e-02    2.62440e+02
       325   -8.20371e+01    3.35762e-02    4.09113e-02    2.64062e+02
       326   -8.20372e+01    3.34729e-02    4.07855e-02    2.65690e+02
       327   -8.20373e+01    3.33703e-02    4.06604e-02    2.67323e+02
       328   -8.20374e+01    3.32683e-02    4.05362e-02    2.68960e+02
       329   -8.20375e+01    3.31670e-02    4.04127e-02    2.70602e+02
       330   -8.20376e+01    3.30662e-02    4.02899e-02    2.72250e+02
       331   -8.20377e+01    3.29661e-02    4.01679e-02    2.73903e+02
       332   -8.20378e+01    3.28665e-02    4.00466e-02    2.75560e+02
       333   -8.20379e+01    3.27676e-02    3.99261e-02    2.77222e+02
       334   -8.20380e+01    3.26693e-02    3.98062e-02    2.78890e+02
       335   -8.20381e+01    3.25715e-02    3.96871e-02    2.80562e+02
       336   -8.20382e+01    3.24743e-02    3.95687e-02    2.82240e+02
       337   -8.20383e+01    3.23778e-02    3.94510e-02    2.83923e+02
       338   -8.20384e+01    3.22817e-02    3.93341e-02    2.85610e+02
       339   -8.20385e+01    3.21863e-02    3.92178e-02    2.87302e+02
       340   -8.20386e+01    3.20914e-02    3.91021e-02    2.89000e+02
       341   -8.20387e+01    3.19971e-02    3.89872e-02    2.90703e+02
       342   -8.20388e+01    3.19033e-02    3.88729e-02    2.92410e+02
       343   -8.20389e+01    3.18101e-02    3.87593e-02    2.94122e+02
       344   -8.20390e+01    3.17174e-02    3.86464e-02    2.95840e+02
       345   -8.20391e+01    3.16252e-02    3.85341e-02    2.97562e+02
       346   -8.20392e+01    3.15336e-02    3.84225e-02    2.99290e+02
       347   -8.20393e+01    3.14425e-02    3.83115e-02    3.01023e+02
       348   -8.20394e+01    3.13520e-02    3.82012e-02    3.02760e+02
       349   -8.20394e+01    3.12619e-02    3.80915e-02    3.04502e+02
       350   -8.20395e+01    3.11724e-02    3.79824e-02    3.06250e+02
       351   -8.20396e+01    3.10834e-02    3.78739e-02    3.08002e+02
       352   -8.20397e+01    3.09949e-02    3.77661e-02    3.09760e+02
       353   -8.20398e+01    3.09069e-02    3.76589e-02    3.11522e+02
       354   -8.20399e+01    3.08194e-02    3.75522e-02    3.13290e+02
       355   -8.20400e+01    3.07324e-02    3.74462e-02    3.15062e+02
       356   -8.20401e+01    3.06459e-02    3.73408e-02    3.16840e+02
       357   -8.20402e+01    3.05598e-02    3.72360e-02    3.18623e+02
       358   -8.20402e+01    3.04743e-02    3.71317e-02    3.20410e+02
       359   -8.20403e+01    3.03892e-02    3.70281e-02    3.22202e+02
       360   -8.20404e+01    3.03046e-02    3.69250e-02    3.24000e+02
       361   -8.20405e+01    3.02205e-02    3.68225e-02    3.25803e+02
       362   -8.20406e+01    3.01368e-02    3.67205e-02    3.27610e+02
       363   -8.20407e+01    3.00536e-02    3.66192e-02    3.29422e+02
       364   -8.20407e+01    2.99709e-02    3.65183e-02    3.31240e+02
       365   -8.20408e+01    2.98886e-02    3.64181e-02    3.33062e+02
       366   -8.20409e+01    2.98067e-02    3.63183e-02    3.34890e+02
       367   -8.20410e+01    2.97253e-02    3.62192e-02    3.36723e+02
       368   -8.20411e+01    2.96444e-02    3.61205e-02    3.38560e+02
       369   -8.20411e+01    2.95639e-02    3.60224e-02    3.40402e+02
       370   -8.20412e+01    2.94838e-02    3.59249e-02    3.42250e+02
       371   -8.20413e+01    2.94042e-02    3.58278e-02    3.44103e+02
       372   -8.20414e+01    2.93249e-02    3.57313e-02    3.45960e+02
       373   -8.20415e+01    2.92462e-02    3.56353e-02    3.47822e+02
       374   -8.20415e+01    2.91678e-02    3.55398e-02    3.49690e+02
       375   -8.20416e+01    2.90898e-02    3.54449e-02    3.51562e+02
       376   -8.20417e+01    2.90123e-02    3.53504e-02    3.53440e+02
       377   -8.20418e+01    2.89352e-02    3.52564e-02    3.55323e+02
       378   -8.20419e+01    2.88585e-02    3.51630e-02    3.57210e+02
       379   -8.20419e+01    2.87822e-02    3.50700e-02    3.59102e+02
       380   -8.20420e+01    2.87063e-02    3.49775e-02    3.61000e+02
       381   -8.20421e+01    2.86308e-02    3.48855e-02    3.62903e+02
       382   -8.20422e+01    2.85557e-02    3.47940e-02    3.64810e+02
       383   -8.20422e+01    2.84810e-02    3.47029e-02    3.66722e+02
       384   -8.20423e+01    2.84066e-02    3.46124e-02    3.68640e+02
       385   -8.20424e+01    2.83327e-02    3.45223e-02    3.70562e+02
       386   -8.20425e+01    2.82591e-02    3.44327e-02    3.72490e+02
       387   -8.20425e+01    2.81860e-02    3.43435e-02    3.74423e+02
       388   -8.20426e+01    2.81132e-02    3.42548e-02    3.76360e+02
       389   -8.20427e+01    2.80408e-02    3.41666e-02    3.78302e+02
       390   -8.20427e+01    2.79687e-02    3.40788e-02    3.80250e+02
       391   -8.20428e+01    2.78970e-02    3.39915e-02    3.82203e+02
       392   -8.20429e+01    2.78257e-02    3.39046e-02    3.84160e+02
       393   -8.20430e+01    2.77548e-02    3.38181e-02    3.86122e+02
       394   -8.20430e+01    2.76842e-02    3.37321e-02    3.88090e+02
       395   -8.20431e+01    2.76140e-02    3.36466e-02    3.90062e+02
       396   -8.20432e+01    2.75441e-02    3.35614e-02    3.92040e+02
       397   -8.20432e+01    2.74746e-02    3.34767e-02    3.94023e+02
       398   -8.20433e+01    2.74054e-02    3.33924e-02    3.96010e+02
       399   -8.20434e+01    2.73366e-02    3.33086e-02    3.98002e+02
