         2   -1.24679e+02    1.60391e+02    5.62637e+01    1.00000e-02
         3   -3.29987e+02   -4.49177e+01    1.57567e+01    2.25000e-02
         4   -2.06343e+02    7.87266e+01    2.76166e+01    4.00000e-02
         5   -2.64255e+02    2.08144e+01    7.30152e+00    6.25000e-02
         6   -2.35548e+02    4.95217e+01    1.73718e+01    9.00000e-02
         7   -2.58201e+02    2.68680e+01    9.42508e+00    1.22500e-01
         8   -2.49721e+02    3.53487e+01    1.24000e+01    1.60000e-01
         9   -2.60146e+02    2.49233e+01    8.74290e+00    2.02500e-01
        10   -2.57757e+02    2.73125e+01    9.58099e+00    2.50000e-01
        11   -2.63121e+02    2.19486e+01    7.69940e+00    3.02500e-01
        12   -2.62809e+02    2.22602e+01    7.80870e+00    3.60000e-01
        13   -2.65844e+02    1.92256e+01    6.74417e+00    4.22500e-01
        14   -2.66242e+02    1.88271e+01    6.60438e+00    4.90000e-01
        15   -2.68118e+02    1.69518e+01    5.94654e+00    5.62500e-01
        16   -2.68722e+02    1.63476e+01    5.73460e+00    6.40000e-01
        17   -2.69978e+02    1.50909e+01    5.29377e+00    7.22500e-01
        18   -2.70600e+02    1.44693e+01    5.07570e+00    8.10000e-01
        19   -2.71503e+02    1.35660e+01    4.75884e+00    9.02500e-01
        20   -2.72077e+02    1.29925e+01    4.55766e+00    1.00000e+00
        21   -2.72764e+02    1.23053e+01    4.31660e+00    1.10250e+00
        22   -2.73272e+02    1.17973e+01    4.13840e+00    1.21000e+00
        23   -2.73818e+02    1.12512e+01    3.94683e+00    1.32250e+00
        24   -2.74261e+02    1.08079e+01    3.79134e+00    1.44000e+00
        25   -2.74710e+02    1.03596e+01    3.63406e+00    1.56250e+00
        26   -2.75095e+02    9.97405e+00    3.49882e+00    1.69000e+00
        27   -2.75472e+02    9.59696e+00    3.36654e+00    1.82250e+00
        28   -2.75809e+02    9.26088e+00    3.24864e+00    1.96000e+00
        29   -2.76131e+02    8.93794e+00    3.13536e+00    2.10250e+00
        30   -2.76426e+02    8.64355e+00    3.03209e+00    2.25000e+00
        31   -2.76706e+02    8.36312e+00    2.93371e+00    2.40250e+00
        32   -2.76966e+02    8.10372e+00    2.84272e+00    2.56000e+00
        33   -2.77212e+02    7.85752e+00    2.75635e+00    2.72250e+00
        34   -2.77442e+02    7.62755e+00    2.67568e+00    2.89000e+00
        35   -2.77660e+02    7.40944e+00    2.59917e+00    3.06250e+00
        36   -2.77865e+02    7.20433e+00    2.52722e+00    3.24000e+00
        37   -2.78060e+02    7.00965e+00    2.45893e+00    3.42250e+00
        38   -2.78244e+02    6.82565e+00    2.39438e+00    3.61000e+00
        39   -2.78419e+02    6.65076e+00    2.33303e+00    3.80250e+00
        40   -2.78585e+02    6.48483e+00    2.27482e+00    4.00000e+00
        41   -2.78743e+02    6.32681e+00    2.21939e+00    4.20250e+00
        42   -2.78893e+02    6.17643e+00    2.16664e+00    4.41000e+00
        43   -2.79036e+02    6.03296e+00    2.11631e+00    4.62250e+00
        44   -2.79173e+02    5.89605e+00    2.06829e+00    4.84000e+00
        45   -2.79304e+02    5.76518e+00    2.02238e+00    5.06250e+00
        46   -2.79429e+02    5.64002e+00    1.97847e+00    5.29000e+00
        47   -2.79549e+02    5.52016e+00    1.93643e+00    5.52250e+00
        48   -2.79664e+02    5.40531e+00    1.89614e+00    5.76000e+00
        49   -2.79774e+02    5.29513e+00    1.85749e+00    6.00250e+00
        50   -2.79880e+02    5.18935e+00    1.82038e+00    6.25000e+00
        51   -2.79982e+02    5.08772e+00    1.78473e+00    6.50250e+00
        52   -2.80079e+02    4.98999e+00    1.75045e+00    6.76000e+00
        53   -2.80173e+02    4.89594e+00    1.71746e+00    7.02250e+00
        54   -2.80264e+02    4.80538e+00    1.68569e+00    7.29000e+00
        55   -2.80351e+02    4.71810e+00    1.65507e+00    7.56250e+00
        56   -2.80435e+02    4.63394e+00    1.62555e+00    7.84000e+00
        57   -2.80517e+02    4.55273e+00    1.59706e+00    8.12250e+00
        58   -2.80595e+02    4.47432e+00    1.56955e+00    8.41000e+00
        59   -2.80671e+02    4.39856e+00    1.54298e+00    8.70250e+00
        60   -2.80744e+02    4.32532e+00    1.51729e+00    9.00000e+00
        61   -2.80815e+02    4.25449e+00    1.49244e+00    9.30250e+00
        62   -2.80883e+02    4.18593e+00    1.46839e+00    9.61000e+00
        63   -2.80950e+02    4.11956e+00    1.44511e+00    9.92250e+00
        64   -2.81014e+02    4.05525e+00    1.42255e+00    1.02400e+01
        65   -2.81076e+02    3.99292e+00    1.40068e+00    1.05625e+01
        66   -2.81137e+02    3.93248e+00    1.37948e+00    1.08900e+01
        67   -2.81196e+02    3.87384e+00    1.35891e+00    1.12225e+01
        68   -2.81252e+02    3.81692e+00    1.33894e+00    1.15600e+01
        69   -2.81308e+02    3.76165e+00    1.31956e+00    1.19025e+01
        70   -2.81361e+02    3.70796e+00    1.30072e+00    1.22500e+01
        71   -2.81414e+02    3.65578e+00    1.28242e+00    1.26025e+01
        72   -2.81464e+02    3.60505e+00    1.26462e+00    1.29600e+01
        73   -2.81514e+02    3.55571e+00    1.24731e+00    1.33225e+01
        74   -2.81562e+02    3.50770e+00    1.23047e+00    1.36900e+01
        75   -2.81608e+02    3.46096e+00    1.21408e+00    1.40625e+01
        76   -2.81654e+02    3.41546e+00    1.19812e+00    1.44400e+01
        77   -2.81698e+02    3.37114e+00    1.18257e+00    1.48225e+01
        78   -2.81741e+02    3.32796e+00    1.16742e+00    1.52100e+01
        79   -2.81784e+02    3.28586e+00    1.15265e+00    1.56025e+01
        80   -2.81825e+02    3.24482e+00    1.13826e+00    1.60000e+01
        81   -2.81865e+02    3.20479e+00    1.12421e+00    1.64025e+01
        82   -2.81904e+02    3.16574e+00    1.11052e+00    1.68100e+01
        83   -2.81942e+02    3.12763e+00    1.09715e+00    1.72225e+01
        84   -2.81979e+02    3.09042e+00    1.08409e+00    1.76400e+01
        85   -2.82015e+02    3.05409e+00    1.07135e+00    1.80625e+01
        86   -2.82051e+02    3.01860e+00    1.05890e+00    1.84900e+01
        87   -2.82085e+02    2.98393e+00    1.04674e+00    1.89225e+01
        88   -2.82119e+02    2.95005e+00    1.03485e+00    1.93600e+01
        89   -2.82152e+02    2.91692e+00    1.02323e+00    1.98025e+01
        90   -2.82185e+02    2.88453e+00    1.01187e+00    2.02500e+01
        91   -2.82217e+02    2.85286e+00    1.00076e+00    2.07025e+01
        92   -2.82248e+02    2.82187e+00    9.89889e-01    2.11600e+01
        93   -2.82278e+02    2.79155e+00    9.79252e-01    2.16225e+01
        94   -2.82308e+02    2.76187e+00    9.68841e-01    2.20900e+01
        95   -2.82337e+02    2.73282e+00    9.58650e-01    2.25625e+01
        96   -2.82365e+02    2.70437e+00    9.48670e-01    2.30400e+01
        97   -2.82393e+02    2.67651e+00    9.38896e-01    2.35225e+01
        98   -2.82420e+02    2.64921e+00    9.29322e-01    2.40100e+01
        99   -2.82447e+02    2.62247e+00    9.19941e-01    2.45025e+01
       100   -2.82473e+02    2.59626e+00    9.10747e-01    2.50000e+01
       101   -2.82499e+02    2.57057e+00    9.01735e-01    2.55025e+01
       102   -2.82524e+02    2.54539e+00    8.92900e-01    2.60100e+01
       103   -2.82549e+02    2.52069e+00    8.84237e-01    2.65225e+01
       104   -2.82573e+02    2.49647e+00    8.75739e-01    2.70400e+01
       105   -2.82597e+02    2.47270e+00    8.67404e-01    2.75625e+01
       106   -2.82620e+02    2.44939e+00    8.59226e-01    2.80900e+01
       107   -2.82643e+02    2.42651e+00    8.51200e-01    2.86225e+01
       108   -2.82665e+02    2.40406e+00    8.43324e-01    2.91600e+01
       109   -2.82687e+02    2.38201e+00    8.35591e-01    2.97025e+01
       110   -2.82709e+02    2.36037e+00    8.27999e-01    3.02500e+01
       111   -2.82730e+02    2.33912e+00    8.20544e-01    3.08025e+01
       112   -2.82751e+02    2.31825e+00    8.13222e-01    3.13600e+01
       113   -2.82772e+02    2.29774e+00    8.06029e-01    3.19225e+01
       114   -2.82792e+02    2.27760e+00    7.98963e-01    3.24900e+01
       115   -2.82812e+02    2.25780e+00    7.92019e-01    3.30625e+01
       116   -2.82831e+02    2.23835e+00    7.85195e-01    3.36400e+01
       117   -2.82850e+02    2.21923e+00    7.78487e-01    3.42225e+01
       118   -2.82869e+02    2.20043e+00    7.71894e-01    3.48100e+01
       119   -2.82887e+02    2.18195e+00    7.65411e-01    3.54025e+01
       120   -2.82906e+02    2.16378e+00    7.59036e-01    3.60000e+01
       121   -2.82923e+02    2.14590e+00    7.52766e-01    3.66025e+01
       122   -2.82941e+02    2.12832e+00    7.46599e-01    3.72100e+01
       123   -2.82958e+02    2.11103e+00    7.40532e-01    3.78225e+01
       124   -2.82975e+02    2.09401e+00    7.34563e-01    3.84400e+01
       125   -2.82992e+02    2.07727e+00    7.28689e-01    3.90625e+01
       126   -2.83009e+02    2.06079e+00    7.22909e-01    3.96900e+01
       127   -2.83025e+02    2.04457e+00    7.17220e-01    4.03225e+01
       128   -2.83041e+02    2.02861e+00    7.11619e-01    4.09600e+01
       129   -2.83056e+02    2.01289e+00    7.06106e-01    4.16025e+01
       130   -2.83072e+02    1.99741e+00    7.00677e-01    4.22500e+01
       131   -2.83087e+02    1.98217e+00    6.95331e-01    4.29025e+01
       132   -2.83102e+02    1.96717e+00    6.90065e-01    4.35600e+01
       133   -2.83117e+02    1.95238e+00    6.84879e-01    4.42225e+01
       134   -2.83132e+02    1.93782e+00    6.79771e-01    4.48900e+01
       135   -2.83146e+02    1.92347e+00    6.74738e-01    4.55625e+01
       136   -2.83160e+02    1.90933e+00    6.69779e-01    4.62400e+01
       137   -2.83174e+02    1.89540e+00    6.64892e-01    4.69225e+01
       138   -2.83188e+02    1.88168e+00    6.60076e-01    4.76100e+01
       139   -2.83201e+02    1.86814e+00    6.55330e-01    4.83025e+01
       140   -2.83215e+02    1.85481e+00    6.50651e-01    4.90000e+01
       141   -2.83228e+02    1.84166e+00    6.46039e-01    4.97025e+01
       142   -2.83241e+02    1.82869e+00    6.41491e-01    5.04100e+01
       143   -2.83253e+02    1.81591e+00    6.37007e-01    5.11225e+01
       144   -2.83266e+02    1.80331e+00    6.32585e-01    5.18400e+01
       145   -2.83279e+02    1.79088e+00    6.28225e-01    5.25625e+01
       146   -2.83291e+02    1.77862e+00    6.23924e-01    5.32900e+01
       147   -2.83303e+02    1.76652e+00    6.19681e-01    5.40225e+01
       148   -2.83315e+02    1.75459e+00    6.15496e-01    5.47600e+01
       149   -2.83327e+02    1.74282e+00    6.11367e-01    5.55025e+01
       150   -2.83338e+02    1.73121e+00    6.07293e-01    5.62500e+01
       151   -2.83350e+02    1.71975e+00    6.03273e-01    5.70025e+01
       152   -2.83361e+02    1.70844e+00    5.99305e-01    5.77600e+01
       153   -2.83372e+02    1.69727e+00    5.95390e-01    5.85225e+01
       154   -2.83383e+02    1.68626e+00    5.91525e-01    5.92900e+01
       155   -2.83394e+02    1.67538e+00    5.87711e-01    6.00625e+01
       156   -2.83405e+02    1.66465e+00    5.83945e-01    6.08400e+01
       157   -2.83415e+02    1.65405e+00    5.80227e-01    6.16225e+01
       158   -2.83426e+02    1.64358e+00    5.76556e-01    6.24100e+01
       159   -2.83436e+02    1.63325e+00    5.72931e-01    6.32025e+01
       160   -2.83446e+02    1.62305e+00    5.69352e-01    6.40000e+01
       161   -2.83456e+02    1.61297e+00    5.65817e-01    6.48025e+01
       162   -2.83466e+02    1.60302e+00    5.62326e-01    6.56100e+01
       163   -2.83476e+02    1.59319e+00    5.58877e-01    6.64225e+01
       164   -2.83486e+02    1.58348e+00    5.55471e-01    6.72400e+01
       165   -2.83496e+02    1.57388e+00    5.52106e-01    6.80625e+01
       166   -2.83505e+02    1.56441e+00    5.48781e-01    6.88900e+01
       167   -2.83514e+02    1.55504e+00    5.45496e-01    6.97225e+01
       168   -2.83524e+02    1.54579e+00    5.42250e-01    7.05600e+01
       169   -2.83533e+02    1.53665e+00    5.39043e-01    7.14025e+01
       170   -2.83542e+02    1.52761e+00    5.35873e-01    7.22500e+01
       171   -2.83551e+02    1.51868e+00    5.32741e-01    7.31025e+01
       172   -2.83560e+02    1.50985e+00    5.29645e-01    7.39600e+01
       173   -2.83568e+02    1.50113e+00    5.26584e-01    7.48225e+01
       174   -2.83577e+02    1.49251e+00    5.23559e-01    7.56900e+01
       175   -2.83585e+02    1.48398e+00    5.20568e-01    7.65625e+01
       176   -2.83594e+02    1.47555e+00    5.17612e-01    7.74400e+01
       177   -2.83602e+02    1.46722e+00    5.14688e-01    7.83225e+01
       178   -2.83610e+02    1.45898e+00    5.11798e-01    7.92100e+01
       179   -2.83619e+02    1.45083e+00    5.08940e-01    8.01025e+01
       180   -2.83627e+02    1.44277e+00    5.06113e-01    8.10000e+01
       181   -2.83635e+02    1.43481e+00    5.03318e-01    8.19025e+01
       182   -2.83642e+02    1.42692e+00    5.00553e-01    8.28100e+01
       183   -2.83650e+02    1.41913e+00    4.97819e-01    8.37225e+01
       184   -2.83658e+02    1.41142e+00    4.95115e-01    8.46400e+01
       185   -2.83666e+02    1.40379e+00    4.92439e-01    8.55625e+01
       186   -2.83673e+02    1.39625e+00    4.89793e-01    8.64900e+01
       187   -2.83681e+02    1.38878e+00    4.87174e-01    8.74225e+01
       188   -2.83688e+02    1.38140e+00    4.84584e-01    8.83600e+01
       189   -2.83695e+02    1.37409e+00    4.82021e-01    8.93025e+01
       190   -2.83703e+02    1.36686e+00    4.79485e-01    9.02500e+01
       191   -2.83710e+02    1.35971e+00    4.76975e-01    9.12025e+01
       192   -2.83717e+02    1.35263e+00    4.74492e-01    9.21600e+01
       193   -2.83724e+02    1.34562e+00    4.72034e-01    9.31225e+01
       194   -2.83731e+02    1.33869e+00    4.69602e-01    9.40900e+01
       195   -2.83738e+02    1.33183e+00    4.67194e-01    9.50625e+01
       196   -2.83744e+02    1.32503e+00    4.64811e-01    9.60400e+01
       197   -2.83751e+02    1.31831e+00    4.62453e-01    9.70225e+01
       198   -2.83758e+02    1.31165e+00    4.60118e-01    9.80100e+01
       199   -2.83764e+02    1.30507e+00    4.57806e-01    9.90025e+01
       200   -2.83771e+02    1.29854e+00    4.55518e-01    1.00000e+02
       201   -2.83777e+02    1.29208e+00    4.53253e-01    1.01003e+02
       202   -2.83784e+02    1.28569e+00    4.51009e-01    1.02010e+02
       203   -2.83790e+02    1.27936e+00    4.48788e-01    1.03023e+02
       204   -2.83796e+02    1.27309e+00    4.46589e-01    1.04040e+02
       205   -2.83803e+02    1.26688e+00    4.44411e-01    1.05062e+02
       206   -2.83809e+02    1.26073e+00    4.42255e-01    1.06090e+02
       207   -2.83815e+02    1.25464e+00    4.40119e-01    1.07122e+02
       208   -2.83821e+02    1.24861e+00    4.38004e-01    1.08160e+02
       209   -2.83827e+02    1.24264e+00    4.35909e-01    1.09202e+02
       210   -2.83833e+02    1.23673e+00    4.33833e-01    1.10250e+02
       211   -2.83839e+02    1.23087e+00    4.31778e-01    1.11303e+02
       212   -2.83844e+02    1.22506e+00    4.29742e-01    1.12360e+02
       213   -2.83850e+02    1.21931e+00    4.27725e-01    1.13423e+02
       214   -2.83856e+02    1.21362e+00    4.25727e-01    1.14490e+02
       215   -2.83861e+02    1.20797e+00    4.23747e-01    1.15562e+02
       216   -2.83867e+02    1.20238e+00    4.21786e-01    1.16640e+02
       217   -2.83873e+02    1.19684e+00    4.19843e-01    1.17722e+02
       218   -2.83878e+02    1.19136e+00    4.17918e-01    1.18810e+02
       219   -2.83883e+02    1.18592e+00    4.16010e-01    1.19902e+02
       220   -2.83889e+02    1.18053e+00    4.14119e-01    1.21000e+02
       221   -2.83894e+02    1.17519e+00    4.12246e-01    1.22103e+02
       222   -2.83899e+02    1.16990e+00    4.10390e-01    1.23210e+02
       223   -2.83905e+02    1.16465e+00    4.08550e-01    1.24323e+02
       224   -2.83910e+02    1.15945e+00    4.06727e-01    1.25440e+02
       225   -2.83915e+02    1.15430e+00    4.04919e-01    1.26562e+02
       226   -2.83920e+02    1.14920e+00    4.03128e-01    1.27690e+02
       227   -2.83925e+02    1.14413e+00    4.01353e-01    1.28822e+02
       228   -2.83930e+02    1.13912e+00    3.99593e-01    1.29960e+02
       229   -2.83935e+02    1.13414e+00    3.97849e-01    1.31102e+02
       230   -2.83940e+02    1.12921e+00    3.96119e-01    1.32250e+02
       231   -2.83945e+02    1.12433e+00    3.94405e-01    1.33403e+02
       232   -2.83950e+02    1.11948e+00    3.92705e-01    1.34560e+02
       233   -2.83955e+02    1.11468e+00    3.91020e-01    1.35722e+02
       234   -2.83959e+02    1.10992e+00    3.89350e-01    1.36890e+02
       235   -2.83964e+02    1.10520e+00    3.87694e-01    1.38062e+02
       236   -2.83969e+02    1.10051e+00    3.86051e-01    1.39240e+02
       237   -2.83974e+02    1.09587e+00    3.84423e-01    1.40422e+02
       238   -2.83978e+02    1.09127e+00    3.82808e-01    1.41610e+02
       239   -2.83983e+02    1.08670e+00    3.81207e-01    1.42802e+02
       240   -2.83987e+02    1.08218e+00    3.79619e-01    1.44000e+02
       241   -2.83992e+02    1.07769e+00    3.78044e-01    1.45203e+02
       242   -2.83996e+02    1.07324e+00    3.76482e-01    1.46410e+02
       243   -2.84001e+02    1.06882e+00    3.74933e-01    1.47623e+02
       244   -2.84005e+02    1.06444e+00    3.73397e-01    1.48840e+02
       245   -2.84009e+02    1.06010e+00    3.71874e-01    1.50062e+02
       246   -2.84014e+02    1.05579e+00    3.70362e-01    1.51290e+02
       247   -2.84018e+02    1.05152e+00    3.68863e-01    1.52522e+02
       248   -2.84022e+02    1.04728e+00    3.67376e-01    1.53760e+02
       249   -2.84026e+02    1.04307e+00    3.65901e-01    1.55002e+02
       250   -2.84030e+02    1.03890e+00    3.64438e-01    1.56250e+02
       251   -2.84035e+02    1.03476e+00    3.62986e-01    1.57503e+02
       252   -2.84039e+02    1.03066e+00    3.61546e-01    1.58760e+02
       253   -2.84043e+02    1.02659e+00    3.60118e-01    1.60023e+02
       254   -2.84047e+02    1.02254e+00    3.58700e-01    1.61290e+02
       255   -2.84051e+02    1.01854e+00    3.57294e-01    1.62562e+02
       256   -2.84055e+02    1.01456e+00    3.55899e-01    1.63840e+02
       257   -2.84059e+02    1.01061e+00    3.54514e-01    1.65123e+02
       258   -2.84063e+02    1.00670e+00    3.53140e-01    1.66410e+02
       259   -2.84067e+02    1.00281e+00    3.51777e-01    1.67702e+02
       260   -2.84070e+02    9.98953e-01    3.50425e-01    1.69000e+02
       261   -2.84074e+02    9.95127e-01    3.49082e-01    1.70303e+02
       262   -2.84078e+02    9.91330e-01    3.47750e-01    1.71610e+02
       263   -2.84082e+02    9.87561e-01    3.46428e-01    1.72923e+02
       264   -2.84086e+02    9.83821e-01    3.45116e-01    1.74240e+02
       265   -2.84089e+02    9.80110e-01    3.43814e-01    1.75562e+02
       266   -2.84093e+02    9.76426e-01    3.42522e-01    1.76890e+02
       267   -2.84097e+02    9.72770e-01    3.41240e-01    1.78222e+02
       268   -2.84100e+02    9.69141e-01    3.39967e-01    1.79560e+02
       269   -2.84104e+02    9.65539e-01    3.38703e-01    1.80902e+02
       270   -2.84107e+02    9.61964e-01    3.37449e-01    1.82250e+02
       271   -2.84111e+02    9.58415e-01    3.36204e-01    1.83603e+02
       272   -2.84114e+02    9.54892e-01    3.34968e-01    1.84960e+02
       273   -2.84118e+02    9.51395e-01    3.33742e-01    1.86323e+02
       274   -2.84121e+02    9.47924e-01    3.32524e-01    1.87690e+02
       275   -2.84125e+02    9.44478e-01    3.31315e-01    1.89062e+02
       276   -2.84128e+02    9.41056e-01    3.30115e-01    1.90440e+02
       277   -2.84132e+02    9.37660e-01    3.28923e-01    1.91822e+02
       278   -2.84135e+02    9.34288e-01    3.27741e-01    1.93210e+02
       279   -2.84138e+02    9.30940e-01    3.26566e-01    1.94602e+02
       280   -2.84142e+02    9.27616e-01    3.25400e-01    1.96000e+02
       281   -2.84145e+02    9.24316e-01    3.24242e-01    1.97403e+02
       282   -2.84148e+02    9.21039e-01    3.23093e-01    1.98810e+02
       283   -2.84152e+02    9.17785e-01    3.21951e-01    2.00222e+02
       284   -2.84155e+02    9.14554e-01    3.20818e-01    2.01640e+02
       285   -2.84158e+02    9.11346e-01    3.19693e-01    2.03062e+02
       286   -2.84161e+02    9.08160e-01    3.18575e-01    2.04490e+02
       287   -2.84164e+02    9.04996e-01    3.17465e-01    2.05922e+02
       288   -2.84168e+02    9.01855e-01    3.16363e-01    2.07360e+02
       289   -2.84171e+02    8.98735e-01    3.15269e-01    2.08802e+02
       290   -2.84174e+02    8.95636e-01    3.14182e-01    2.10250e+02
       291   -2.84177e+02    8.92559e-01    3.13102e-01    2.11703e+02
       292   -2.84180e+02    8.89503e-01    3.12030e-01    2.13160e+02
       293   -2.84183e+02    8.86468e-01    3.10966e-01    2.14623e+02
       294   -2.84186e+02    8.83453e-01    3.09908e-01    2.16090e+02
       295   -2.84189e+02    8.80459e-01    3.08858e-01    2.17562e+02
       296   -2.84192e+02    8.77485e-01    3.07815e-01    2.19040e+02
       297   -2.84195e+02    8.74532e-01    3.06779e-01    2.20522e+02
       298   -2.84198e+02    8.71598e-01    3.05749e-01    2.22010e+02
       299   -2.84201e+02    8.68683e-01    3.04727e-01    2.23502e+02
       300   -2.84204e+02    8.65788e-01    3.03711e-01    2.25000e+02
       301   -2.84206e+02    8.62912e-01    3.02703e-01    2.26503e+02
       302   -2.84209e+02    8.60056e-01    3.01700e-01    2.28010e+02
       303   -2.84212e+02    8.57218e-01    3.00705e-01    2.29523e+02
       304   -2.84215e+02    8.54399e-01    2.99716e-01    2.31040e+02
       305   -2.84218e+02    8.51598e-01    2.98734e-01    2.32562e+02
       306   -2.84221e+02    8.48816e-01    2.97758e-01    2.34090e+02
       307   -2.84223e+02    8.46051e-01    2.96788e-01    2.35623e+02
       308   -2.84226e+02    8.43305e-01    2.95824e-01    2.37160e+02
       309   -2.84229e+02    8.40576e-01    2.94867e-01    2.38702e+02
       310   -2.84232e+02    8.37865e-01    2.93916e-01    2.40250e+02
       311   -2.84234e+02    8.35172e-01    2.92971e-01    2.41803e+02
       312   -2.84237e+02    8.32496e-01    2.92033e-01    2.43360e+02
       313   -2.84240e+02    8.29836e-01    2.91100e-01    2.44923e+02
       314   -2.84242e+02    8.27194e-01    2.90173e-01    2.46490e+02
       315   -2.84245e+02    8.24569e-01    2.89252e-01    2.48062e+02
       316   -2.84247e+02    8.21960e-01    2.88337e-01    2.49640e+02
       317   -2.84250e+02    8.19367e-01    2.87427e-01    2.51222e+02
       318   -2.84253e+02    8.16791e-01    2.86524e-01    2.52810e+02
       319   -2.84255e+02    8.14231e-01    2.85626e-01    2.54402e+02
       320   -2.84258e+02    8.11687e-01    2.84733e-01    2.56000e+02
       321   -2.84260e+02    8.09159e-01    2.83846e-01    2.57603e+02
       322   -2.84263e+02    8.06647e-01    2.82965e-01    2.59210e+02
       323   -2.84265e+02    8.04150e-01    2.82089e-01    2.60822e+02
       324   -2.84268e+02    8.01669e-01    2.81219e-01    2.62440e+02
       325   -2.84270e+02    7.99202e-01    2.80354e-01    2.64062e+02
       326   -2.84273e+02    7.96751e-01    2.79494e-01    2.65690e+02
       327   -2.84275e+02    7.94315e-01    2.78639e-01    2.67323e+02
       328   -2.84277e+02    7.91894e-01    2.77790e-01    2.68960e+02
       329   -2.84280e+02    7.89488e-01    2.76946e-01    2.70602e+02
       330   -2.84282e+02    7.87096e-01    2.76107e-01    2.72250e+02
       331   -2.84285e+02    7.84718e-01    2.75273e-01    2.73903e+02
       332   -2.84287e+02    7.82355e-01    2.74444e-01    2.75560e+02
       333   -2.84289e+02    7.80006e-01    2.73620e-01    2.77222e+02
       334   -2.84292e+02    7.77671e-01    2.72801e-01    2.78890e+02
       335   -2.84294e+02    7.75350e-01    2.71986e-01    2.80562e+02
       336   -2.84296e+02    7.73043e-01    2.71177e-01    2.82240e+02
       337   -2.84299e+02    7.70750e-01    2.70373e-01    2.83923e+02
       338   -2.84301e+02    7.68470e-01    2.69573e-01    2.85610e+02
       339   -2.84303e+02    7.66203e-01    2.68778e-01    2.87302e+02
       340   -2.84305e+02    7.63950e-01    2.67987e-01    2.89000e+02
       341   -2.84308e+02    7.61710e-01    2.67202e-01    2.90703e+02
       342   -2.84310e+02    7.59484e-01    2.66421e-01    2.92410e+02
       343   -2.84312e+02    7.57270e-01    2.65644e-01    2.94122e+02
       344   -2.84314e+02    7.55069e-01    2.64872e-01    2.95840e+02
       345   -2.84317e+02    7.52881e-01    2.64104e-01    2.97562e+02
       346   -2.84319e+02    7.50705e-01    2.63341e-01    2.99290e+02
       347   -2.84321e+02    7.48542e-01    2.62582e-01    3.01023e+02
       348   -2.84323e+02    7.46391e-01    2.61828e-01    3.02760e+02
       349   -2.84325e+02    7.44253e-01    2.61078e-01    3.04502e+02
       350   -2.84327e+02    7.42127e-01    2.60332e-01    3.06250e+02
       351   -2.84329e+02    7.40013e-01    2.59591e-01    3.08002e+02
       352   -2.84331e+02    7.37911e-01    2.58853e-01    3.09760e+02
       353   -2.84334e+02    7.35821e-01    2.58120e-01    3.11522e+02
       354   -2.84336e+02    7.33743e-01    2.57391e-01    3.13290e+02
       355   -2.84338e+02    7.31677e-01    2.56666e-01    3.15062e+02
       356   -2.84340e+02    7.29622e-01    2.55945e-01    3.16840e+02
       357   -2.84342e+02    7.27578e-01    2.55228e-01    3.18623e+02
       358   -2.84344e+02    7.25546e-01    2.54516e-01    3.20410e+02
       359   -2.84346e+02    7.23526e-01    2.53807e-01    3.22202e+02
       360   -2.84348e+02    7.21516e-01    2.53102e-01    3.24000e+02
       361   -2.84350e+02    7.19518e-01    2.52401e-01    3.25803e+02
       362   -2.84352e+02    7.17531e-01    2.51704e-01    3.27610e+02
       363   -2.84354e+02    7.15554e-01    2.51011e-01    3.29422e+02
       364   -2.84356e+02    7.13589e-01    2.50321e-01    3.31240e+02
       365   -2.84358e+02    7.11634e-01    2.49635e-01    3.33062e+02
       366   -2.84360e+02    7.09690e-01    2.48953e-01    3.34890e+02
       367   -2.84362e+02    7.07757e-01    2.48275e-01    3.36723e+02
       368   -2.84364e+02    7.05834e-01    2.47601e-01    3.38560e+02
       369   -2.84365e+02    7.03921e-01    2.46930e-01    3.40402e+02
       370   -2.84367e+02    7.02019e-01    2.46263e-01    3.42250e+02
       371   -2.84369e+02    7.00127e-01    2.45599e-01    3.44103e+02
       372   -2.84371e+02    6.98246e-01    2.44939e-01    3.45960e+02
       373   -2.84373e+02    6.96374e-01    2.44282e-01    3.47822e+02
       374   -2.84375e+02    6.94512e-01    2.43629e-01    3.49690e+02
       375   -2.84377e+02    6.92661e-01    2.42980e-01    3.51562e+02
       376   -2.84379e+02    6.90819e-01    2.42334e-01    3.53440e+02
       377   -2.84380e+02    6.88987e-01    2.41691e-01    3.55323e+02
       378   -2.84382e+02    6.87164e-01    2.41052e-01    3.57210e+02
       379   -2.84384e+02    6.85351e-01    2.40416e-01    3.59102e+02
       380   -2.84386e+02    6.83548e-01    2.39783e-01    3.61000e+02
       381   -2.84388e+02    6.81754e-01    2.39154e-01    3.62903e+02
       382   -2.84389e+02    6.79970e-01    2.38528e-01    3.64810e+02
       383   -2.84391e+02    6.78195e-01    2.37905e-01    3.66722e+02
       384   -2.84393e+02    6.76429e-01    2.37286e-01    3.68640e+02
       385   -2.84395e+02    6.74672e-01    2.36670e-01    3.70562e+02
       386   -2.84396e+02    6.72925e-01    2.36057e-01    3.72490e+02
       387   -2.84398e+02    6.71186e-01    2.35447e-01    3.74423e+02
       388   -2.84400e+02    6.69457e-01    2.34840e-01    3.76360e+02
       389   -2.84402e+02    6.67736e-01    2.34236e-01    3.78302e+02
       390   -2.84403e+02    6.66024e-01    2.33636e-01    3.80250e+02
       391   -2.84405e+02    6.64321e-01    2.33038e-01    3.82203e+02
       392   -2.84407e+02    6.62627e-01    2.32444e-01    3.84160e+02
       393   -2.84408e+02    6.60941e-01    2.31853e-01    3.86122e+02
       394   -2.84410e+02    6.59264e-01    2.31264e-01    3.88090e+02
       395   -2.84412e+02    6.57595e-01    2.30679e-01    3.90062e+02
       396   -2.84413e+02    6.55935e-01    2.30096e-01    3.92040e+02
       397   -2.84415e+02    6.54283e-01    2.29517e-01    3.94023e+02
       398   -2.84417e+02    6.52639e-01    2.28940e-01    3.96010e+02
       399   -2.84418e+02    6.51004e-01    2.28367e-01    3.98002e+02
