         2   -1.02054e+02    3.81823e+01    2.72271e+01    1.00000e-02
         3   -1.20549e+02    1.96875e+01    1.40388e+01    2.25000e-02
         4   -1.26314e+02    1.39226e+01    9.92797e+00    4.00000e-02
         5   -1.29495e+02    1.07410e+01    7.65919e+00    6.25000e-02
         6   -1.31483e+02    8.75291e+00    6.24155e+00    9.00000e-02
         7   -1.32848e+02    7.38870e+00    5.26875e+00    1.22500e-01
         8   -1.33843e+02    6.39373e+00    4.55926e+00    1.60000e-01
         9   -1.34601e+02    5.63559e+00    4.01864e+00    2.02500e-01
        10   -1.35198e+02    5.03856e+00    3.59291e+00    2.50000e-01
        11   -1.35680e+02    4.55612e+00    3.24889e+00    3.02500e-01
        12   -1.36078e+02    4.15812e+00    2.96508e+00    3.60000e-01
        13   -1.36412e+02    3.82416e+00    2.72694e+00    4.22500e-01
        14   -1.36696e+02    3.53991e+00    2.52425e+00    4.90000e-01
        15   -1.36941e+02    3.29504e+00    2.34963e+00    5.62500e-01
        16   -1.37154e+02    3.08187e+00    2.19763e+00    6.40000e-01
        17   -1.37342e+02    2.89463e+00    2.06411e+00    7.22500e-01
        18   -1.37507e+02    2.72886e+00    1.94590e+00    8.10000e-01
        19   -1.37655e+02    2.58105e+00    1.84050e+00    9.02500e-01
        20   -1.37788e+02    2.44844e+00    1.74594e+00    1.00000e+00
        21   -1.37907e+02    2.32880e+00    1.66063e+00    1.10250e+00
        22   -1.38016e+02    2.22031e+00    1.58327e+00    1.21000e+00
        23   -1.38115e+02    2.12149e+00    1.51279e+00    1.32250e+00
        24   -1.38205e+02    2.03109e+00    1.44833e+00    1.44000e+00
        25   -1.38288e+02    1.94808e+00    1.38914e+00    1.56250e+00
        26   -1.38365e+02    1.87159e+00    1.33460e+00    1.69000e+00
        27   -1.38435e+02    1.80088e+00    1.28418e+00    1.82250e+00
        28   -1.38501e+02    1.73532e+00    1.23743e+00    1.96000e+00
        29   -1.38562e+02    1.67437e+00    1.19397e+00    2.10250e+00
        30   -1.38619e+02    1.61756e+00    1.15345e+00    2.25000e+00
        31   -1.38672e+02    1.56448e+00    1.11560e+00    2.40250e+00
        32   -1.38722e+02    1.51477e+00    1.08015e+00    2.56000e+00
        33   -1.38768e+02    1.46812e+00    1.04689e+00    2.72250e+00
        34   -1.38812e+02    1.42426e+00    1.01561e+00    2.89000e+00
        35   -1.38853e+02    1.38294e+00    9.86153e-01    3.06250e+00
        36   -1.38892e+02    1.34396e+00    9.58354e-01    3.24000e+00
        37   -1.38929e+02    1.30711e+00    9.32079e-01    3.42250e+00
        38   -1.38964e+02    1.27223e+00    9.07206e-01    3.61000e+00
        39   -1.38997e+02    1.23917e+00    8.83627e-01    3.80250e+00
        40   -1.39029e+02    1.20777e+00    8.61243e-01    4.00000e+00
        41   -1.39058e+02    1.17793e+00    8.39965e-01    4.20250e+00
        42   -1.39087e+02    1.14953e+00    8.19712e-01    4.41000e+00
        43   -1.39114e+02    1.12247e+00    8.00414e-01    4.62250e+00
        44   -1.39140e+02    1.09665e+00    7.82004e-01    4.84000e+00
        45   -1.39164e+02    1.07200e+00    7.64421e-01    5.06250e+00
        46   -1.39188e+02    1.04842e+00    7.47612e-01    5.29000e+00
        47   -1.39210e+02    1.02587e+00    7.31526e-01    5.52250e+00
        48   -1.39232e+02    1.00426e+00    7.16118e-01    5.76000e+00
        49   -1.39253e+02    9.83541e-01    7.01346e-01    6.00250e+00
        50   -1.39273e+02    9.63663e-01    6.87171e-01    6.25000e+00
        51   -1.39292e+02    9.44572e-01    6.73557e-01    6.50250e+00
        52   -1.39310e+02    9.26223e-01    6.60473e-01    6.76000e+00
        53   -1.39328e+02    9.08573e-01    6.47887e-01    7.02250e+00
        54   -1.39345e+02    8.91583e-01    6.35772e-01    7.29000e+00
        55   -1.39361e+02    8.75217e-01    6.24102e-01    7.56250e+00
        56   -1.39377e+02    8.59441e-01    6.12852e-01    7.84000e+00
        57   -1.39392e+02    8.44224e-01    6.02001e-01    8.12250e+00
        58   -1.39407e+02    8.29536e-01    5.91528e-01    8.41000e+00
        59   -1.39421e+02    8.15351e-01    5.81412e-01    8.70250e+00
        60   -1.39435e+02    8.01643e-01    5.71637e-01    9.00000e+00
        61   -1.39448e+02    7.88388e-01    5.62185e-01    9.30250e+00
        62   -1.39461e+02    7.75564e-01    5.53041e-01    9.61000e+00
        63   -1.39473e+02    7.63151e-01    5.44189e-01    9.92250e+00
        64   -1.39485e+02    7.51129e-01    5.35617e-01    1.02400e+01
        65   -1.39497e+02    7.39480e-01    5.27310e-01    1.05625e+01
        66   -1.39508e+02    7.28186e-01    5.19257e-01    1.08900e+01
        67   -1.39519e+02    7.17233e-01    5.11446e-01    1.12225e+01
        68   -1.39530e+02    7.06604e-01    5.03867e-01    1.15600e+01
        69   -1.39540e+02    6.96286e-01    4.96509e-01    1.19025e+01
        70   -1.39550e+02    6.86264e-01    4.89363e-01    1.22500e+01
        71   -1.39560e+02    6.76527e-01    4.82419e-01    1.26025e+01
        72   -1.39569e+02    6.67063e-01    4.75670e-01    1.29600e+01
        73   -1.39578e+02    6.57859e-01    4.69108e-01    1.33225e+01
        74   -1.39587e+02    6.48906e-01    4.62724e-01    1.36900e+01
        75   -1.39596e+02    6.40194e-01    4.56511e-01    1.40625e+01
        76   -1.39605e+02    6.31712e-01    4.50463e-01    1.44400e+01
        77   -1.39613e+02    6.23452e-01    4.44573e-01    1.48225e+01
        78   -1.39621e+02    6.15406e-01    4.38835e-01    1.52100e+01
        79   -1.39629e+02    6.07564e-01    4.33243e-01    1.56025e+01
        80   -1.39636e+02    5.99920e-01    4.27792e-01    1.60000e+01
        81   -1.39644e+02    5.92466e-01    4.22477e-01    1.64025e+01
        82   -1.39651e+02    5.85195e-01    4.17292e-01    1.68100e+01
        83   -1.39658e+02    5.78100e-01    4.12233e-01    1.72225e+01
        84   -1.39665e+02    5.71175e-01    4.07295e-01    1.76400e+01
        85   -1.39672e+02    5.64414e-01    4.02473e-01    1.80625e+01
        86   -1.39678e+02    5.57811e-01    3.97765e-01    1.84900e+01
        87   -1.39685e+02    5.51361e-01    3.93166e-01    1.89225e+01
        88   -1.39691e+02    5.45058e-01    3.88671e-01    1.93600e+01
        89   -1.39697e+02    5.38898e-01    3.84279e-01    1.98025e+01
        90   -1.39703e+02    5.32876e-01    3.79984e-01    2.02500e+01
        91   -1.39709e+02    5.26986e-01    3.75784e-01    2.07025e+01
        92   -1.39715e+02    5.21226e-01    3.71677e-01    2.11600e+01
        93   -1.39721e+02    5.15590e-01    3.67658e-01    2.16225e+01
        94   -1.39726e+02    5.10074e-01    3.63725e-01    2.20900e+01
        95   -1.39732e+02    5.04675e-01    3.59875e-01    2.25625e+01
        96   -1.39737e+02    4.99390e-01    3.56106e-01    2.30400e+01
        97   -1.39742e+02    4.94214e-01    3.52415e-01    2.35225e+01
        98   -1.39747e+02    4.89144e-01    3.48800e-01    2.40100e+01
        99   -1.39752e+02    4.84177e-01    3.45258e-01    2.45025e+01
       100   -1.39757e+02    4.79310e-01    3.41788e-01    2.50000e+01
       101   -1.39762e+02    4.74540e-01    3.38386e-01    2.55025e+01
       102   -1.39766e+02    4.69864e-01    3.35052e-01    2.60100e+01
       103   -1.39771e+02    4.65279e-01    3.31782e-01    2.65225e+01
       104   -1.39775e+02    4.60783e-01    3.28576e-01    2.70400e+01
       105   -1.39780e+02    4.56373e-01    3.25431e-01    2.75625e+01
       106   -1.39784e+02    4.52046e-01    3.22346e-01    2.80900e+01
       107   -1.39788e+02    4.47801e-01    3.19319e-01    2.86225e+01
       108   -1.39793e+02    4.43635e-01    3.16348e-01    2.91600e+01
       109   -1.39797e+02    4.39545e-01    3.13432e-01    2.97025e+01
       110   -1.39801e+02    4.35530e-01    3.10569e-01    3.02500e+01
       111   -1.39805e+02    4.31588e-01    3.07758e-01    3.08025e+01
       112   -1.39809e+02    4.27717e-01    3.04997e-01    3.13600e+01
       113   -1.39812e+02    4.23914e-01    3.02286e-01    3.19225e+01
       114   -1.39816e+02    4.20179e-01    2.99622e-01    3.24900e+01
       115   -1.39820e+02    4.16508e-01    2.97005e-01    3.30625e+01
       116   -1.39823e+02    4.12902e-01    2.94433e-01    3.36400e+01
       117   -1.39827e+02    4.09357e-01    2.91905e-01    3.42225e+01
       118   -1.39830e+02    4.05873e-01    2.89421e-01    3.48100e+01
       119   -1.39834e+02    4.02447e-01    2.86978e-01    3.54025e+01
       120   -1.39837e+02    3.99079e-01    2.84576e-01    3.60000e+01
       121   -1.39841e+02    3.95766e-01    2.82214e-01    3.66025e+01
       122   -1.39844e+02    3.92509e-01    2.79891e-01    3.72100e+01
       123   -1.39847e+02    3.89304e-01    2.77606e-01    3.78225e+01
       124   -1.39850e+02    3.86151e-01    2.75358e-01    3.84400e+01
       125   -1.39853e+02    3.83049e-01    2.73146e-01    3.90625e+01
       126   -1.39856e+02    3.79997e-01    2.70969e-01    3.96900e+01
       127   -1.39859e+02    3.76992e-01    2.68827e-01    4.03225e+01
       128   -1.39862e+02    3.74035e-01    2.66718e-01    4.09600e+01
       129   -1.39865e+02    3.71124e-01    2.64642e-01    4.16025e+01
       130   -1.39868e+02    3.68258e-01    2.62598e-01    4.22500e+01
       131   -1.39871e+02    3.65435e-01    2.60586e-01    4.29025e+01
       132   -1.39874e+02    3.62656e-01    2.58604e-01    4.35600e+01
       133   -1.39876e+02    3.59919e-01    2.56652e-01    4.42225e+01
       134   -1.39879e+02    3.57222e-01    2.54729e-01    4.48900e+01
       135   -1.39882e+02    3.54566e-01    2.52835e-01    4.55625e+01
       136   -1.39884e+02    3.51949e-01    2.50969e-01    4.62400e+01
       137   -1.39887e+02    3.49370e-01    2.49130e-01    4.69225e+01
       138   -1.39889e+02    3.46829e-01    2.47318e-01    4.76100e+01
       139   -1.39892e+02    3.44325e-01    2.45532e-01    4.83025e+01
       140   -1.39894e+02    3.41856e-01    2.43771e-01    4.90000e+01
       141   -1.39897e+02    3.39423e-01    2.42036e-01    4.97025e+01
       142   -1.39899e+02    3.37024e-01    2.40326e-01    5.04100e+01
       143   -1.39902e+02    3.34658e-01    2.38639e-01    5.11225e+01
       144   -1.39904e+02    3.32326e-01    2.36976e-01    5.18400e+01
       145   -1.39906e+02    3.30026e-01    2.35335e-01    5.25625e+01
       146   -1.39909e+02    3.27757e-01    2.33718e-01    5.32900e+01
       147   -1.39911e+02    3.25520e-01    2.32122e-01    5.40225e+01
       148   -1.39913e+02    3.23313e-01    2.30548e-01    5.47600e+01
       149   -1.39915e+02    3.21135e-01    2.28996e-01    5.55025e+01
       150   -1.39917e+02    3.18987e-01    2.27464e-01    5.62500e+01
       151   -1.39919e+02    3.16867e-01    2.25952e-01    5.70025e+01
       152   -1.39922e+02    3.14775e-01    2.24461e-01    5.77600e+01
       153   -1.39924e+02    3.12711e-01    2.22989e-01    5.85225e+01
       154   -1.39926e+02    3.10674e-01    2.21536e-01    5.92900e+01
       155   -1.39928e+02    3.08662e-01    2.20102e-01    6.00625e+01
       156   -1.39930e+02    3.06677e-01    2.18686e-01    6.08400e+01
       157   -1.39932e+02    3.04717e-01    2.17289e-01    6.16225e+01
       158   -1.39933e+02    3.02783e-01    2.15909e-01    6.24100e+01
       159   -1.39935e+02    3.00872e-01    2.14547e-01    6.32025e+01
       160   -1.39937e+02    2.98985e-01    2.13201e-01    6.40000e+01
       161   -1.39939e+02    2.97122e-01    2.11873e-01    6.48025e+01
       162   -1.39941e+02    2.95283e-01    2.10561e-01    6.56100e+01
       163   -1.39943e+02    2.93465e-01    2.09265e-01    6.64225e+01
       164   -1.39945e+02    2.91670e-01    2.07985e-01    6.72400e+01
       165   -1.39946e+02    2.89897e-01    2.06720e-01    6.80625e+01
       166   -1.39948e+02    2.88145e-01    2.05471e-01    6.88900e+01
       167   -1.39950e+02    2.86414e-01    2.04237e-01    6.97225e+01
       168   -1.39952e+02    2.84704e-01    2.03017e-01    7.05600e+01
       169   -1.39953e+02    2.83014e-01    2.01813e-01    7.14025e+01
       170   -1.39955e+02    2.81344e-01    2.00622e-01    7.22500e+01
       171   -1.39957e+02    2.79694e-01    1.99445e-01    7.31025e+01
       172   -1.39958e+02    2.78063e-01    1.98282e-01    7.39600e+01
       173   -1.39960e+02    2.76451e-01    1.97132e-01    7.48225e+01
       174   -1.39961e+02    2.74858e-01    1.95996e-01    7.56900e+01
       175   -1.39963e+02    2.73282e-01    1.94873e-01    7.65625e+01
       176   -1.39965e+02    2.71725e-01    1.93762e-01    7.74400e+01
       177   -1.39966e+02    2.70185e-01    1.92664e-01    7.83225e+01
       178   -1.39968e+02    2.68663e-01    1.91579e-01    7.92100e+01
       179   -1.39969e+02    2.67158e-01    1.90505e-01    8.01025e+01
       180   -1.39971e+02    2.65669e-01    1.89444e-01    8.10000e+01
       181   -1.39972e+02    2.64197e-01    1.88394e-01    8.19025e+01
       182   -1.39974e+02    2.62742e-01    1.87356e-01    8.28100e+01
       183   -1.39975e+02    2.61302e-01    1.86330e-01    8.37225e+01
       184   -1.39976e+02    2.59878e-01    1.85314e-01    8.46400e+01
       185   -1.39978e+02    2.58469e-01    1.84310e-01    8.55625e+01
       186   -1.39979e+02    2.57075e-01    1.83316e-01    8.64900e+01
       187   -1.39981e+02    2.55697e-01    1.82333e-01    8.74225e+01
       188   -1.39982e+02    2.54333e-01    1.81360e-01    8.83600e+01
       189   -1.39983e+02    2.52984e-01    1.80398e-01    8.93025e+01
       190   -1.39985e+02    2.51649e-01    1.79446e-01    9.02500e+01
       191   -1.39986e+02    2.50327e-01    1.78504e-01    9.12025e+01
       192   -1.39987e+02    2.49020e-01    1.77572e-01    9.21600e+01
       193   -1.39989e+02    2.47726e-01    1.76649e-01    9.31225e+01
       194   -1.39990e+02    2.46446e-01    1.75736e-01    9.40900e+01
       195   -1.39991e+02    2.45179e-01    1.74833e-01    9.50625e+01
       196   -1.39992e+02    2.43925e-01    1.73938e-01    9.60400e+01
       197   -1.39994e+02    2.42683e-01    1.73053e-01    9.70225e+01
       198   -1.39995e+02    2.41454e-01    1.72177e-01    9.80100e+01
       199   -1.39996e+02    2.40238e-01    1.71309e-01    9.90025e+01
       200   -1.39997e+02    2.39034e-01    1.70451e-01    1.00000e+02
       201   -1.39998e+02    2.37841e-01    1.69600e-01    1.01003e+02
       202   -1.40000e+02    2.36661e-01    1.68759e-01    1.02010e+02
       203   -1.40001e+02    2.35492e-01    1.67925e-01    1.03023e+02
       204   -1.40002e+02    2.34335e-01    1.67100e-01    1.04040e+02
       205   -1.40003e+02    2.33189e-01    1.66283e-01    1.05062e+02
       206   -1.40004e+02    2.32054e-01    1.65474e-01    1.06090e+02
       207   -1.40005e+02    2.30930e-01    1.64672e-01    1.07122e+02
       208   -1.40006e+02    2.29817e-01    1.63878e-01    1.08160e+02
       209   -1.40008e+02    2.28715e-01    1.63092e-01    1.09202e+02
       210   -1.40009e+02    2.27623e-01    1.62314e-01    1.10250e+02
       211   -1.40010e+02    2.26542e-01    1.61543e-01    1.11303e+02
       212   -1.40011e+02    2.25470e-01    1.60779e-01    1.12360e+02
       213   -1.40012e+02    2.24409e-01    1.60022e-01    1.13423e+02
       214   -1.40013e+02    2.23358e-01    1.59273e-01    1.14490e+02
       215   -1.40014e+02    2.22317e-01    1.58530e-01    1.15562e+02
       216   -1.40015e+02    2.21285e-01    1.57794e-01    1.16640e+02
       217   -1.40016e+02    2.20263e-01    1.57065e-01    1.17722e+02
       218   -1.40017e+02    2.19250e-01    1.56343e-01    1.18810e+02
       219   -1.40018e+02    2.18246e-01    1.55628e-01    1.19902e+02
       220   -1.40019e+02    2.17252e-01    1.54919e-01    1.21000e+02
       221   -1.40020e+02    2.16267e-01    1.54216e-01    1.22103e+02
       222   -1.40021e+02    2.15290e-01    1.53520e-01    1.23210e+02
       223   -1.40022e+02    2.14323e-01    1.52830e-01    1.24323e+02
       224   -1.40023e+02    2.13364e-01    1.52146e-01    1.25440e+02
       225   -1.40024e+02    2.12413e-01    1.51468e-01    1.26562e+02
       226   -1.40025e+02    2.11471e-01    1.50796e-01    1.27690e+02
       227   -1.40026e+02    2.10537e-01    1.50131e-01    1.28822e+02
       228   -1.40027e+02    2.09612e-01    1.49471e-01    1.29960e+02
       229   -1.40028e+02    2.08695e-01    1.48816e-01    1.31102e+02
       230   -1.40028e+02    2.07785e-01    1.48168e-01    1.32250e+02
       231   -1.40029e+02    2.06884e-01    1.47525e-01    1.33403e+02
       232   -1.40030e+02    2.05990e-01    1.46888e-01    1.34560e+02
       233   -1.40031e+02    2.05104e-01    1.46256e-01    1.35722e+02
       234   -1.40032e+02    2.04225e-01    1.45630e-01    1.36890e+02
       235   -1.40033e+02    2.03354e-01    1.45008e-01    1.38062e+02
       236   -1.40034e+02    2.02491e-01    1.44393e-01    1.39240e+02
       237   -1.40035e+02    2.01635e-01    1.43782e-01    1.40422e+02
       238   -1.40035e+02    2.00786e-01    1.43177e-01    1.41610e+02
       239   -1.40036e+02    1.99944e-01    1.42576e-01    1.42802e+02
       240   -1.40037e+02    1.99109e-01    1.41981e-01    1.44000e+02
       241   -1.40038e+02    1.98281e-01    1.41391e-01    1.45203e+02
       242   -1.40039e+02    1.97460e-01    1.40805e-01    1.46410e+02
       243   -1.40040e+02    1.96645e-01    1.40224e-01    1.47623e+02
       244   -1.40040e+02    1.95838e-01    1.39648e-01    1.48840e+02
       245   -1.40041e+02    1.95037e-01    1.39077e-01    1.50062e+02
       246   -1.40042e+02    1.94242e-01    1.38511e-01    1.51290e+02
       247   -1.40043e+02    1.93454e-01    1.37949e-01    1.52522e+02
       248   -1.40044e+02    1.92673e-01    1.37391e-01    1.53760e+02
       249   -1.40044e+02    1.91897e-01    1.36838e-01    1.55002e+02
       250   -1.40045e+02    1.91128e-01    1.36290e-01    1.56250e+02
       251   -1.40046e+02    1.90365e-01    1.35746e-01    1.57503e+02
       252   -1.40047e+02    1.89608e-01    1.35206e-01    1.58760e+02
       253   -1.40047e+02    1.88857e-01    1.34671e-01    1.60023e+02
       254   -1.40048e+02    1.88112e-01    1.34139e-01    1.61290e+02
       255   -1.40049e+02    1.87373e-01    1.33612e-01    1.62562e+02
       256   -1.40050e+02    1.86639e-01    1.33089e-01    1.63840e+02
       257   -1.40050e+02    1.85912e-01    1.32570e-01    1.65123e+02
       258   -1.40051e+02    1.85190e-01    1.32055e-01    1.66410e+02
       259   -1.40052e+02    1.84473e-01    1.31545e-01    1.67702e+02
       260   -1.40053e+02    1.83762e-01    1.31038e-01    1.69000e+02
       261   -1.40053e+02    1.83057e-01    1.30535e-01    1.70303e+02
       262   -1.40054e+02    1.82357e-01    1.30035e-01    1.71610e+02
       263   -1.40055e+02    1.81662e-01    1.29540e-01    1.72923e+02
       264   -1.40055e+02    1.80973e-01    1.29048e-01    1.74240e+02
       265   -1.40056e+02    1.80288e-01    1.28560e-01    1.75562e+02
       266   -1.40057e+02    1.79609e-01    1.28076e-01    1.76890e+02
       267   -1.40057e+02    1.78935e-01    1.27596e-01    1.78222e+02
       268   -1.40058e+02    1.78266e-01    1.27119e-01    1.79560e+02
       269   -1.40059e+02    1.77602e-01    1.26645e-01    1.80902e+02
       270   -1.40059e+02    1.76943e-01    1.26175e-01    1.82250e+02
       271   -1.40060e+02    1.76289e-01    1.25709e-01    1.83603e+02
       272   -1.40061e+02    1.75640e-01    1.25246e-01    1.84960e+02
       273   -1.40061e+02    1.74995e-01    1.24786e-01    1.86323e+02
       274   -1.40062e+02    1.74355e-01    1.24330e-01    1.87690e+02
       275   -1.40063e+02    1.73720e-01    1.23877e-01    1.89062e+02
       276   -1.40063e+02    1.73089e-01    1.23427e-01    1.90440e+02
       277   -1.40064e+02    1.72463e-01    1.22981e-01    1.91822e+02
       278   -1.40064e+02    1.71842e-01    1.22537e-01    1.93210e+02
       279   -1.40065e+02    1.71225e-01    1.22097e-01    1.94602e+02
       280   -1.40066e+02    1.70612e-01    1.21661e-01    1.96000e+02
       281   -1.40066e+02    1.70004e-01    1.21227e-01    1.97403e+02
       282   -1.40067e+02    1.69400e-01    1.20796e-01    1.98810e+02
       283   -1.40067e+02    1.68800e-01    1.20368e-01    2.00222e+02
       284   -1.40068e+02    1.68205e-01    1.19944e-01    2.01640e+02
       285   -1.40069e+02    1.67614e-01    1.19522e-01    2.03062e+02
       286   -1.40069e+02    1.67026e-01    1.19104e-01    2.04490e+02
       287   -1.40070e+02    1.66443e-01    1.18688e-01    2.05922e+02
       288   -1.40070e+02    1.65864e-01    1.18275e-01    2.07360e+02
       289   -1.40071e+02    1.65289e-01    1.17865e-01    2.08802e+02
       290   -1.40072e+02    1.64719e-01    1.17458e-01    2.10250e+02
       291   -1.40072e+02    1.64151e-01    1.17053e-01    2.11703e+02
       292   -1.40073e+02    1.63588e-01    1.16652e-01    2.13160e+02
       293   -1.40073e+02    1.63029e-01    1.16253e-01    2.14623e+02
       294   -1.40074e+02    1.62474e-01    1.15857e-01    2.16090e+02
       295   -1.40074e+02    1.61922e-01    1.15464e-01    2.17562e+02
       296   -1.40075e+02    1.61374e-01    1.15073e-01    2.19040e+02
       297   -1.40075e+02    1.60830e-01    1.14685e-01    2.20522e+02
       298   -1.40076e+02    1.60289e-01    1.14299e-01    2.22010e+02
       299   -1.40077e+02    1.59752e-01    1.13916e-01    2.23502e+02
       300   -1.40077e+02    1.59218e-01    1.13536e-01    2.25000e+02
       301   -1.40078e+02    1.58689e-01    1.13158e-01    2.26503e+02
       302   -1.40078e+02    1.58162e-01    1.12783e-01    2.28010e+02
       303   -1.40079e+02    1.57639e-01    1.12410e-01    2.29523e+02
       304   -1.40079e+02    1.57120e-01    1.12039e-01    2.31040e+02
       305   -1.40080e+02    1.56604e-01    1.11671e-01    2.32562e+02
       306   -1.40080e+02    1.56091e-01    1.11306e-01    2.34090e+02
       307   -1.40081e+02    1.55582e-01    1.10943e-01    2.35623e+02
       308   -1.40081e+02    1.55076e-01    1.10582e-01    2.37160e+02
       309   -1.40082e+02    1.54573e-01    1.10223e-01    2.38702e+02
       310   -1.40082e+02    1.54074e-01    1.09867e-01    2.40250e+02
       311   -1.40083e+02    1.53578e-01    1.09513e-01    2.41803e+02
       312   -1.40083e+02    1.53085e-01    1.09162e-01    2.43360e+02
       313   -1.40084e+02    1.52595e-01    1.08813e-01    2.44923e+02
       314   -1.40084e+02    1.52108e-01    1.08465e-01    2.46490e+02
       315   -1.40085e+02    1.51624e-01    1.08121e-01    2.48062e+02
       316   -1.40085e+02    1.51144e-01    1.07778e-01    2.49640e+02
       317   -1.40086e+02    1.50666e-01    1.07437e-01    2.51222e+02
       318   -1.40086e+02    1.50191e-01    1.07099e-01    2.52810e+02
       319   -1.40087e+02    1.49720e-01    1.06763e-01    2.54402e+02
       320   -1.40087e+02    1.49251e-01    1.06428e-01    2.56000e+02
       321   -1.40087e+02    1.48786e-01    1.06096e-01    2.57603e+02
       322   -1.40088e+02    1.48323e-01    1.05766e-01    2.59210e+02
       323   -1.40088e+02    1.47863e-01    1.05438e-01    2.60822e+02
       324   -1.40089e+02    1.47406e-01    1.05112e-01    2.62440e+02
       325   -1.40089e+02    1.46951e-01    1.04788e-01    2.64062e+02
       326   -1.40090e+02    1.46500e-01    1.04467e-01    2.65690e+02
       327   -1.40090e+02    1.46051e-01    1.04147e-01    2.67323e+02
       328   -1.40091e+02    1.45605e-01    1.03829e-01    2.68960e+02
       329   -1.40091e+02    1.45162e-01    1.03512e-01    2.70602e+02
       330   -1.40092e+02    1.44721e-01    1.03198e-01    2.72250e+02
       331   -1.40092e+02    1.44283e-01    1.02886e-01    2.73903e+02
       332   -1.40092e+02    1.43848e-01    1.02576e-01    2.75560e+02
       333   -1.40093e+02    1.43416e-01    1.02267e-01    2.77222e+02
       334   -1.40093e+02    1.42986e-01    1.01960e-01    2.78890e+02
       335   -1.40094e+02    1.42558e-01    1.01656e-01    2.80562e+02
       336   -1.40094e+02    1.42133e-01    1.01353e-01    2.82240e+02
       337   -1.40095e+02    1.41711e-01    1.01051e-01    2.83923e+02
       338   -1.40095e+02    1.41291e-01    1.00752e-01    2.85610e+02
       339   -1.40095e+02    1.40873e-01    1.00454e-01    2.87302e+02
       340   -1.40096e+02    1.40458e-01    1.00158e-01    2.89000e+02
       341   -1.40096e+02    1.40046e-01    9.98642e-02    2.90703e+02
       342   -1.40097e+02    1.39636e-01    9.95718e-02    2.92410e+02
       343   -1.40097e+02    1.39228e-01    9.92811e-02    2.94122e+02
       344   -1.40097e+02    1.38823e-01    9.89920e-02    2.95840e+02
       345   -1.40098e+02    1.38420e-01    9.87047e-02    2.97562e+02
       346   -1.40098e+02    1.38019e-01    9.84190e-02    2.99290e+02
       347   -1.40099e+02    1.37621e-01    9.81349e-02    3.01023e+02
       348   -1.40099e+02    1.37225e-01    9.78525e-02    3.02760e+02
       349   -1.40099e+02    1.36831e-01    9.75717e-02    3.04502e+02
       350   -1.40100e+02    1.36439e-01    9.72925e-02    3.06250e+02
       351   -1.40100e+02    1.36050e-01    9.70149e-02    3.08002e+02
       352   -1.40101e+02    1.35663e-01    9.67389e-02    3.09760e+02
       353   -1.40101e+02    1.35278e-01    9.64645e-02    3.11522e+02
       354   -1.40101e+02    1.34895e-01    9.61916e-02    3.13290e+02
       355   -1.40102e+02    1.34515e-01    9.59202e-02    3.15062e+02
       356   -1.40102e+02    1.34137e-01    9.56504e-02    3.16840e+02
       357   -1.40103e+02    1.33760e-01    9.53821e-02    3.18623e+02
       358   -1.40103e+02    1.33386e-01    9.51153e-02    3.20410e+02
       359   -1.40103e+02    1.33014e-01    9.48499e-02    3.22202e+02
       360   -1.40104e+02    1.32644e-01    9.45861e-02    3.24000e+02
       361   -1.40104e+02    1.32276e-01    9.43237e-02    3.25803e+02
       362   -1.40104e+02    1.31910e-01    9.40628e-02    3.27610e+02
       363   -1.40105e+02    1.31546e-01    9.38033e-02    3.29422e+02
       364   -1.40105e+02    1.31184e-01    9.35452e-02    3.31240e+02
       365   -1.40105e+02    1.30824e-01    9.32885e-02    3.33062e+02
       366   -1.40106e+02    1.30466e-01    9.30333e-02    3.34890e+02
       367   -1.40106e+02    1.30110e-01    9.27794e-02    3.36723e+02
       368   -1.40107e+02    1.29756e-01    9.25270e-02    3.38560e+02
       369   -1.40107e+02    1.29404e-01    9.22759e-02    3.40402e+02
       370   -1.40107e+02    1.29054e-01    9.20261e-02    3.42250e+02
       371   -1.40108e+02    1.28706e-01    9.17777e-02    3.44103e+02
       372   -1.40108e+02    1.28359e-01    9.15307e-02    3.45960e+02
       373   -1.40108e+02    1.28015e-01    9.12849e-02    3.47822e+02
       374   -1.40109e+02    1.27672e-01    9.10405e-02    3.49690e+02
       375   -1.40109e+02    1.27331e-01    9.07974e-02    3.51562e+02
       376   -1.40109e+02    1.26992e-01    9.05556e-02    3.53440e+02
       377   -1.40110e+02    1.26655e-01    9.03151e-02    3.55323e+02
       378   -1.40110e+02    1.26319e-01    9.00758e-02    3.57210e+02
       379   -1.40110e+02    1.25985e-01    8.98378e-02    3.59102e+02
       380   -1.40111e+02    1.25653e-01    8.96011e-02    3.61000e+02
       381   -1.40111e+02    1.25323e-01    8.93656e-02    3.62903e+02
       382   -1.40111e+02    1.24994e-01    8.91314e-02    3.64810e+02
       383   -1.40112e+02    1.24668e-01    8.88983e-02    3.66722e+02
       384   -1.40112e+02    1.24343e-01    8.86665e-02    3.68640e+02
       385   -1.40112e+02    1.24019e-01    8.84359e-02    3.70562e+02
       386   -1.40113e+02    1.23697e-01    8.82065e-02    3.72490e+02
       387   -1.40113e+02    1.23377e-01    8.79782e-02    3.74423e+02
       388   -1.40113e+02    1.23059e-01    8.77512e-02    3.76360e+02
       389   -1.40114e+02    1.22742e-01    8.75253e-02    3.78302e+02
       390   -1.40114e+02    1.22427e-01    8.73006e-02    3.80250e+02
       391   -1.40114e+02    1.22114e-01    8.70770e-02    3.82203e+02
       392   -1.40114e+02    1.21802e-01    8.68546e-02    3.84160e+02
       393   -1.40115e+02    1.21491e-01    8.66333e-02    3.86122e+02
       394   -1.40115e+02    1.21183e-01    8.64131e-02    3.88090e+02
       395   -1.40115e+02    1.20875e-01    8.61941e-02    3.90062e+02
       396   -1.40116e+02    1.20570e-01    8.59761e-02    3.92040e+02
       397   -1.40116e+02    1.20266e-01    8.57593e-02    3.94023e+02
       398   -1.40116e+02    1.19963e-01    8.55435e-02    3.96010e+02
       399   -1.40117e+02    1.19662e-01    8.53289e-02    3.98002e+02
