         2   -1.24912e+02    1.73105e+02    5.80856e+01    1.00000e-02
         3   -5.26786e+02   -2.28768e+02    7.67634e+01    2.25000e-02
         4   -2.08199e+02    8.98179e+01    3.01385e+01    4.00000e-02
         5   -3.36365e+02   -3.83480e+01    1.28677e+01    6.25000e-02
         6   -2.39402e+02    5.86148e+01    1.96683e+01    9.00000e-02
         7   -2.96844e+02    1.17365e+00    3.93820e-01    1.22500e-01
         8   -2.55429e+02    4.25882e+01    1.42905e+01    1.60000e-01
         9   -2.85689e+02    1.23281e+01    4.13672e+00    2.02500e-01
        10   -2.65021e+02    3.29961e+01    1.10719e+01    2.50000e-01
        11   -2.82526e+02    1.54909e+01    5.19798e+00    3.02500e-01
        12   -2.71309e+02    2.67078e+01    8.96184e+00    3.60000e-01
        13   -2.82074e+02    1.59433e+01    5.34979e+00    4.22500e-01
        14   -2.75692e+02    2.23249e+01    7.49114e+00    4.90000e-01
        15   -2.82607e+02    1.54103e+01    5.17093e+00    5.62500e-01
        16   -2.78888e+02    1.91297e+01    6.41899e+00    6.40000e-01
        17   -2.83482e+02    1.45357e+01    4.87747e+00    7.22500e-01
        18   -2.81300e+02    1.67172e+01    5.60949e+00    8.10000e-01
        19   -2.84439e+02    1.35783e+01    4.55620e+00    9.02500e-01
        20   -2.83175e+02    1.48427e+01    4.98049e+00    1.00000e+00
        21   -2.85373e+02    1.26439e+01    4.24267e+00    1.10250e+00
        22   -2.84667e+02    1.33505e+01    4.47977e+00    1.21000e+00
        23   -2.86243e+02    1.17740e+01    3.95077e+00    1.32250e+00
        24   -2.85880e+02    1.21375e+01    4.07274e+00    1.44000e+00
        25   -2.87036e+02    1.09814e+01    3.68482e+00    1.56250e+00
        26   -2.86884e+02    1.11333e+01    3.73581e+00    1.69000e+00
        27   -2.87751e+02    1.02665e+01    3.44493e+00    1.82250e+00
        28   -2.87729e+02    1.02888e+01    3.45241e+00    1.96000e+00
        29   -2.88393e+02    9.62419e+00    3.22941e+00    2.10250e+00
        30   -2.88449e+02    9.56840e+00    3.21069e+00    2.25000e+00
        31   -2.88970e+02    9.04761e+00    3.03594e+00    2.40250e+00
        32   -2.89071e+02    8.94637e+00    3.00196e+00    2.56000e+00
        33   -2.89488e+02    8.52945e+00    2.86206e+00    2.72250e+00
        34   -2.89614e+02    8.40344e+00    2.81978e+00    2.89000e+00
        35   -2.89955e+02    8.06277e+00    2.70547e+00    3.06250e+00
        36   -2.90092e+02    7.92503e+00    2.65925e+00    3.24000e+00
        37   -2.90376e+02    7.64129e+00    2.56404e+00    3.42250e+00
        38   -2.90517e+02    7.49997e+00    2.51662e+00    3.61000e+00
        39   -2.90758e+02    7.25945e+00    2.43591e+00    3.80250e+00
        40   -2.90898e+02    7.11952e+00    2.38896e+00    4.00000e+00
        41   -2.91105e+02    6.91238e+00    2.31946e+00    4.20250e+00
        42   -2.91241e+02    6.77679e+00    2.27396e+00    4.41000e+00
        43   -2.91421e+02    6.59589e+00    2.21326e+00    4.62250e+00
        44   -2.91551e+02    6.46627e+00    2.16976e+00    4.84000e+00
        45   -2.91711e+02    6.30635e+00    2.11610e+00    5.06250e+00
        46   -2.91834e+02    6.18348e+00    2.07487e+00    5.29000e+00
        47   -2.91977e+02    6.04061e+00    2.02693e+00    5.52250e+00
        48   -2.92093e+02    5.92478e+00    1.98807e+00    5.76000e+00
        49   -2.92221e+02    5.79598e+00    1.94485e+00    6.00250e+00
        50   -2.92330e+02    5.68713e+00    1.90832e+00    6.25000e+00
        51   -2.92447e+02    5.57012e+00    1.86906e+00    6.50250e+00
        52   -2.92549e+02    5.46801e+00    1.83480e+00    6.76000e+00
        53   -2.92656e+02    5.36101e+00    1.79889e+00    7.02250e+00
        54   -2.92752e+02    5.26529e+00    1.76677e+00    7.29000e+00
        55   -2.92850e+02    5.16690e+00    1.73376e+00    7.56250e+00
        56   -2.92940e+02    5.07717e+00    1.70365e+00    7.84000e+00
        57   -2.93031e+02    4.98625e+00    1.67314e+00    8.12250e+00
        58   -2.93115e+02    4.90211e+00    1.64491e+00    8.41000e+00
        59   -2.93200e+02    4.81775e+00    1.61660e+00    8.70250e+00
        60   -2.93279e+02    4.73877e+00    1.59010e+00    9.00000e+00
        61   -2.93357e+02    4.66021e+00    1.56374e+00    9.30250e+00
        62   -2.93431e+02    4.58600e+00    1.53884e+00    9.61000e+00
        63   -2.93505e+02    4.51261e+00    1.51421e+00    9.92250e+00
        64   -2.93574e+02    4.44281e+00    1.49079e+00    1.02400e+01
        65   -2.93643e+02    4.37406e+00    1.46772e+00    1.05625e+01
        66   -2.93709e+02    4.30830e+00    1.44565e+00    1.08900e+01
        67   -2.93774e+02    4.24374e+00    1.42399e+00    1.12225e+01
        68   -2.93836e+02    4.18171e+00    1.40318e+00    1.15600e+01
        69   -2.93896e+02    4.12094e+00    1.38279e+00    1.19025e+01
        70   -2.93955e+02    4.06237e+00    1.36313e+00    1.22500e+01
        71   -2.94012e+02    4.00505e+00    1.34390e+00    1.26025e+01
        72   -2.94068e+02    3.94965e+00    1.32531e+00    1.29600e+01
        73   -2.94122e+02    3.89549e+00    1.30713e+00    1.33225e+01
        74   -2.94174e+02    3.84302e+00    1.28953e+00    1.36900e+01
        75   -2.94226e+02    3.79176e+00    1.27233e+00    1.40625e+01
        76   -2.94275e+02    3.74201e+00    1.25563e+00    1.44400e+01
        77   -2.94324e+02    3.69341e+00    1.23933e+00    1.48225e+01
        78   -2.94371e+02    3.64617e+00    1.22347e+00    1.52100e+01
        79   -2.94417e+02    3.60002e+00    1.20799e+00    1.56025e+01
        80   -2.94462e+02    3.55512e+00    1.19292e+00    1.60000e+01
        81   -2.94506e+02    3.51125e+00    1.17820e+00    1.64025e+01
        82   -2.94549e+02    3.46850e+00    1.16386e+00    1.68100e+01
        83   -2.94591e+02    3.42674e+00    1.14985e+00    1.72225e+01
        84   -2.94631e+02    3.38601e+00    1.13618e+00    1.76400e+01
        85   -2.94671e+02    3.34621e+00    1.12282e+00    1.80625e+01
        86   -2.94710e+02    3.30735e+00    1.10979e+00    1.84900e+01
        87   -2.94748e+02    3.26937e+00    1.09704e+00    1.89225e+01
        88   -2.94785e+02    3.23227e+00    1.08459e+00    1.93600e+01
        89   -2.94821e+02    3.19598e+00    1.07242e+00    1.98025e+01
        90   -2.94857e+02    3.16052e+00    1.06051e+00    2.02500e+01
        91   -2.94891e+02    3.12582e+00    1.04887e+00    2.07025e+01
        92   -2.94925e+02    3.09188e+00    1.03748e+00    2.11600e+01
        93   -2.94959e+02    3.05867e+00    1.02634e+00    2.16225e+01
        94   -2.94991e+02    3.02616e+00    1.01543e+00    2.20900e+01
        95   -2.95023e+02    2.99434e+00    1.00475e+00    2.25625e+01
        96   -2.95054e+02    2.96318e+00    9.94299e-01    2.30400e+01
        97   -2.95085e+02    2.93266e+00    9.84058e-01    2.35225e+01
        98   -2.95115e+02    2.90277e+00    9.74027e-01    2.40100e+01
        99   -2.95144e+02    2.87348e+00    9.64198e-01    2.45025e+01
       100   -2.95173e+02    2.84477e+00    9.54566e-01    2.50000e+01
       101   -2.95201e+02    2.81663e+00    9.45123e-01    2.55025e+01
       102   -2.95228e+02    2.78904e+00    9.35866e-01    2.60100e+01
       103   -2.95255e+02    2.76199e+00    9.26789e-01    2.65225e+01
       104   -2.95282e+02    2.73546e+00    9.17886e-01    2.70400e+01
       105   -2.95308e+02    2.70943e+00    9.09152e-01    2.75625e+01
       106   -2.95333e+02    2.68389e+00    9.00583e-01    2.80900e+01
       107   -2.95358e+02    2.65883e+00    8.92174e-01    2.86225e+01
       108   -2.95383e+02    2.63424e+00    8.83921e-01    2.91600e+01
       109   -2.95407e+02    2.61009e+00    8.75819e-01    2.97025e+01
       110   -2.95431e+02    2.58638e+00    8.67864e-01    3.02500e+01
       111   -2.95454e+02    2.56310e+00    8.60052e-01    3.08025e+01
       112   -2.95477e+02    2.54024e+00    8.52380e-01    3.13600e+01
       113   -2.95500e+02    2.51778e+00    8.44843e-01    3.19225e+01
       114   -2.95522e+02    2.49571e+00    8.37439e-01    3.24900e+01
       115   -2.95543e+02    2.47403e+00    8.30163e-01    3.30625e+01
       116   -2.95565e+02    2.45272e+00    8.23012e-01    3.36400e+01
       117   -2.95586e+02    2.43177e+00    8.15984e-01    3.42225e+01
       118   -2.95606e+02    2.41118e+00    8.09074e-01    3.48100e+01
       119   -2.95626e+02    2.39094e+00    8.02281e-01    3.54025e+01
       120   -2.95646e+02    2.37103e+00    7.95601e-01    3.60000e+01
       121   -2.95666e+02    2.35145e+00    7.89031e-01    3.66025e+01
       122   -2.95685e+02    2.33219e+00    7.82569e-01    3.72100e+01
       123   -2.95704e+02    2.31324e+00    7.76211e-01    3.78225e+01
       124   -2.95723e+02    2.29460e+00    7.69957e-01    3.84400e+01
       125   -2.95741e+02    2.27626e+00    7.63802e-01    3.90625e+01
       126   -2.95759e+02    2.25821e+00    7.57745e-01    3.96900e+01
       127   -2.95777e+02    2.24044e+00    7.51783e-01    4.03225e+01
       128   -2.95794e+02    2.22295e+00    7.45914e-01    4.09600e+01
       129   -2.95812e+02    2.20573e+00    7.40136e-01    4.16025e+01
       130   -2.95829e+02    2.18878e+00    7.34447e-01    4.22500e+01
       131   -2.95845e+02    2.17208e+00    7.28845e-01    4.29025e+01
       132   -2.95862e+02    2.15564e+00    7.23327e-01    4.35600e+01
       133   -2.95878e+02    2.13944e+00    7.17893e-01    4.42225e+01
       134   -2.95894e+02    2.12349e+00    7.12539e-01    4.48900e+01
       135   -2.95910e+02    2.10777e+00    7.07265e-01    4.55625e+01
       136   -2.95925e+02    2.09228e+00    7.02068e-01    4.62400e+01
       137   -2.95940e+02    2.07702e+00    6.96947e-01    4.69225e+01
       138   -2.95955e+02    2.06198e+00    6.91901e-01    4.76100e+01
       139   -2.95970e+02    2.04716e+00    6.86926e-01    4.83025e+01
       140   -2.95985e+02    2.03255e+00    6.82023e-01    4.90000e+01
       141   -2.95999e+02    2.01814e+00    6.77190e-01    4.97025e+01
       142   -2.96013e+02    2.00394e+00    6.72424e-01    5.04100e+01
       143   -2.96027e+02    1.98994e+00    6.67725e-01    5.11225e+01
       144   -2.96041e+02    1.97613e+00    6.63091e-01    5.18400e+01
       145   -2.96055e+02    1.96251e+00    6.58521e-01    5.25625e+01
       146   -2.96068e+02    1.94907e+00    6.54014e-01    5.32900e+01
       147   -2.96081e+02    1.93582e+00    6.49568e-01    5.40225e+01
       148   -2.96095e+02    1.92275e+00    6.45182e-01    5.47600e+01
       149   -2.96107e+02    1.90986e+00    6.40854e-01    5.55025e+01
       150   -2.96120e+02    1.89713e+00    6.36585e-01    5.62500e+01
       151   -2.96133e+02    1.88458e+00    6.32372e-01    5.70025e+01
       152   -2.96145e+02    1.87219e+00    6.28214e-01    5.77600e+01
       153   -2.96157e+02    1.85996e+00    6.24111e-01    5.85225e+01
       154   -2.96169e+02    1.84789e+00    6.20061e-01    5.92900e+01
       155   -2.96181e+02    1.83597e+00    6.16063e-01    6.00625e+01
       156   -2.96193e+02    1.82421e+00    6.12116e-01    6.08400e+01
       157   -2.96205e+02    1.81260e+00    6.08220e-01    6.16225e+01
       158   -2.96216e+02    1.80114e+00    6.04373e-01    6.24100e+01
       159   -2.96227e+02    1.78981e+00    6.00574e-01    6.32025e+01
       160   -2.96239e+02    1.77864e+00    5.96823e-01    6.40000e+01
       161   -2.96250e+02    1.76759e+00    5.93118e-01    6.48025e+01
       162   -2.96261e+02    1.75669e+00    5.89459e-01    6.56100e+01
       163   -2.96271e+02    1.74592e+00    5.85845e-01    6.64225e+01
       164   -2.96282e+02    1.73528e+00    5.82275e-01    6.72400e+01
       165   -2.96293e+02    1.72477e+00    5.78748e-01    6.80625e+01
       166   -2.96303e+02    1.71439e+00    5.75264e-01    6.88900e+01
       167   -2.96313e+02    1.70413e+00    5.71821e-01    6.97225e+01
       168   -2.96323e+02    1.69399e+00    5.68419e-01    7.05600e+01
       169   -2.96333e+02    1.68397e+00    5.65058e-01    7.14025e+01
       170   -2.96343e+02    1.67407e+00    5.61736e-01    7.22500e+01
       171   -2.96353e+02    1.66429e+00    5.58453e-01    7.31025e+01
       172   -2.96363e+02    1.65462e+00    5.55208e-01    7.39600e+01
       173   -2.96372e+02    1.64506e+00    5.52000e-01    7.48225e+01
       174   -2.96382e+02    1.63561e+00    5.48830e-01    7.56900e+01
       175   -2.96391e+02    1.62627e+00    5.45695e-01    7.65625e+01
       176   -2.96400e+02    1.61703e+00    5.42597e-01    7.74400e+01
       177   -2.96409e+02    1.60790e+00    5.39533e-01    7.83225e+01
       178   -2.96418e+02    1.59887e+00    5.36503e-01    7.92100e+01
       179   -2.96427e+02    1.58995e+00    5.33508e-01    8.01025e+01
       180   -2.96436e+02    1.58112e+00    5.30546e-01    8.10000e+01
       181   -2.96445e+02    1.57239e+00    5.27616e-01    8.19025e+01
       182   -2.96454e+02    1.56375e+00    5.24719e-01    8.28100e+01
       183   -2.96462e+02    1.55521e+00    5.21853e-01    8.37225e+01
       184   -2.96471e+02    1.54676e+00    5.19018e-01    8.46400e+01
       185   -2.96479e+02    1.53841e+00    5.16214e-01    8.55625e+01
       186   -2.96487e+02    1.53014e+00    5.13440e-01    8.64900e+01
       187   -2.96495e+02    1.52196e+00    5.10696e-01    8.74225e+01
       188   -2.96503e+02    1.51387e+00    5.07981e-01    8.83600e+01
       189   -2.96511e+02    1.50587e+00    5.05295e-01    8.93025e+01
       190   -2.96519e+02    1.49794e+00    5.02637e-01    9.02500e+01
       191   -2.96527e+02    1.49011e+00    5.00006e-01    9.12025e+01
       192   -2.96535e+02    1.48235e+00    4.97404e-01    9.21600e+01
       193   -2.96543e+02    1.47467e+00    4.94828e-01    9.31225e+01
       194   -2.96550e+02    1.46707e+00    4.92278e-01    9.40900e+01
       195   -2.96558e+02    1.45955e+00    4.89755e-01    9.50625e+01
       196   -2.96565e+02    1.45211e+00    4.87258e-01    9.60400e+01
       197   -2.96573e+02    1.44474e+00    4.84785e-01    9.70225e+01
       198   -2.96580e+02    1.43745e+00    4.82338e-01    9.80100e+01
       199   -2.96587e+02    1.43023e+00    4.79916e-01    9.90025e+01
       200   -2.96594e+02    1.42308e+00    4.77517e-01    1.00000e+02
       201   -2.96601e+02    1.41601e+00    4.75143e-01    1.01003e+02
       202   -2.96608e+02    1.40900e+00    4.72792e-01    1.02010e+02
       203   -2.96615e+02    1.40206e+00    4.70464e-01    1.03023e+02
       204   -2.96622e+02    1.39519e+00    4.68159e-01    1.04040e+02
       205   -2.96629e+02    1.38839e+00    4.65876e-01    1.05062e+02
       206   -2.96636e+02    1.38165e+00    4.63616e-01    1.06090e+02
       207   -2.96642e+02    1.37498e+00    4.61377e-01    1.07122e+02
       208   -2.96649e+02    1.36838e+00    4.59160e-01    1.08160e+02
       209   -2.96655e+02    1.36183e+00    4.56964e-01    1.09202e+02
       210   -2.96662e+02    1.35535e+00    4.54789e-01    1.10250e+02
       211   -2.96668e+02    1.34893e+00    4.52635e-01    1.11303e+02
       212   -2.96675e+02    1.34257e+00    4.50501e-01    1.12360e+02
       213   -2.96681e+02    1.33627e+00    4.48387e-01    1.13423e+02
       214   -2.96687e+02    1.33003e+00    4.46292e-01    1.14490e+02
       215   -2.96693e+02    1.32384e+00    4.44217e-01    1.15562e+02
       216   -2.96700e+02    1.31772e+00    4.42162e-01    1.16640e+02
       217   -2.96706e+02    1.31165e+00    4.40125e-01    1.17722e+02
       218   -2.96712e+02    1.30564e+00    4.38107e-01    1.18810e+02
       219   -2.96718e+02    1.29968e+00    4.36108e-01    1.19902e+02
       220   -2.96724e+02    1.29377e+00    4.34126e-01    1.21000e+02
       221   -2.96729e+02    1.28792e+00    4.32163e-01    1.22103e+02
       222   -2.96735e+02    1.28212e+00    4.30217e-01    1.23210e+02
       223   -2.96741e+02    1.27637e+00    4.28288e-01    1.24323e+02
       224   -2.96747e+02    1.27068e+00    4.26377e-01    1.25440e+02
       225   -2.96752e+02    1.26503e+00    4.24483e-01    1.26562e+02
       226   -2.96758e+02    1.25944e+00    4.22606e-01    1.27690e+02
       227   -2.96763e+02    1.25389e+00    4.20745e-01    1.28822e+02
       228   -2.96769e+02    1.24840e+00    4.18900e-01    1.29960e+02
       229   -2.96774e+02    1.24295e+00    4.17072e-01    1.31102e+02
       230   -2.96780e+02    1.23754e+00    4.15259e-01    1.32250e+02
       231   -2.96785e+02    1.23219e+00    4.13462e-01    1.33403e+02
       232   -2.96790e+02    1.22688e+00    4.11681e-01    1.34560e+02
       233   -2.96796e+02    1.22162e+00    4.09915e-01    1.35722e+02
       234   -2.96801e+02    1.21640e+00    4.08164e-01    1.36890e+02
       235   -2.96806e+02    1.21122e+00    4.06428e-01    1.38062e+02
       236   -2.96811e+02    1.20609e+00    4.04706e-01    1.39240e+02
       237   -2.96816e+02    1.20101e+00    4.02999e-01    1.40422e+02
       238   -2.96821e+02    1.19596e+00    4.01307e-01    1.41610e+02
       239   -2.96826e+02    1.19096e+00    3.99628e-01    1.42802e+02
       240   -2.96831e+02    1.18600e+00    3.97964e-01    1.44000e+02
       241   -2.96836e+02    1.18108e+00    3.96313e-01    1.45203e+02
       242   -2.96841e+02    1.17620e+00    3.94676e-01    1.46410e+02
       243   -2.96846e+02    1.17137e+00    3.93053e-01    1.47623e+02
       244   -2.96851e+02    1.16657e+00    3.91443e-01    1.48840e+02
       245   -2.96855e+02    1.16181e+00    3.89845e-01    1.50062e+02
       246   -2.96860e+02    1.15709e+00    3.88261e-01    1.51290e+02
       247   -2.96865e+02    1.15240e+00    3.86690e-01    1.52522e+02
       248   -2.96870e+02    1.14776e+00    3.85131e-01    1.53760e+02
       249   -2.96874e+02    1.14315e+00    3.83585e-01    1.55002e+02
       250   -2.96879e+02    1.13858e+00    3.82052e-01    1.56250e+02
       251   -2.96883e+02    1.13405e+00    3.80530e-01    1.57503e+02
       252   -2.96888e+02    1.12955e+00    3.79021e-01    1.58760e+02
       253   -2.96892e+02    1.12508e+00    3.77523e-01    1.60023e+02
       254   -2.96897e+02    1.12066e+00    3.76037e-01    1.61290e+02
       255   -2.96901e+02    1.11626e+00    3.74563e-01    1.62562e+02
       256   -2.96905e+02    1.11190e+00    3.73101e-01    1.63840e+02
       257   -2.96910e+02    1.10758e+00    3.71650e-01    1.65123e+02
       258   -2.96914e+02    1.10329e+00    3.70210e-01    1.66410e+02
       259   -2.96918e+02    1.09903e+00    3.68781e-01    1.67702e+02
       260   -2.96922e+02    1.09481e+00    3.67363e-01    1.69000e+02
       261   -2.96927e+02    1.09061e+00    3.65956e-01    1.70303e+02
       262   -2.96931e+02    1.08645e+00    3.64560e-01    1.71610e+02
       263   -2.96935e+02    1.08232e+00    3.63174e-01    1.72923e+02
       264   -2.96939e+02    1.07822e+00    3.61799e-01    1.74240e+02
       265   -2.96943e+02    1.07416e+00    3.60434e-01    1.75562e+02
       266   -2.96947e+02    1.07012e+00    3.59080e-01    1.76890e+02
       267   -2.96951e+02    1.06611e+00    3.57735e-01    1.78222e+02
       268   -2.96955e+02    1.06214e+00    3.56401e-01    1.79560e+02
       269   -2.96959e+02    1.05819e+00    3.55077e-01    1.80902e+02
       270   -2.96963e+02    1.05427e+00    3.53762e-01    1.82250e+02
       271   -2.96967e+02    1.05038e+00    3.52457e-01    1.83603e+02
       272   -2.96971e+02    1.04652e+00    3.51162e-01    1.84960e+02
       273   -2.96975e+02    1.04269e+00    3.49876e-01    1.86323e+02
       274   -2.96978e+02    1.03889e+00    3.48599e-01    1.87690e+02
       275   -2.96982e+02    1.03511e+00    3.47332e-01    1.89062e+02
       276   -2.96986e+02    1.03136e+00    3.46074e-01    1.90440e+02
       277   -2.96990e+02    1.02764e+00    3.44825e-01    1.91822e+02
       278   -2.96993e+02    1.02394e+00    3.43585e-01    1.93210e+02
       279   -2.96997e+02    1.02028e+00    3.42354e-01    1.94602e+02
       280   -2.97001e+02    1.01663e+00    3.41132e-01    1.96000e+02
       281   -2.97004e+02    1.01302e+00    3.39919e-01    1.97403e+02
       282   -2.97008e+02    1.00942e+00    3.38714e-01    1.98810e+02
       283   -2.97011e+02    1.00586e+00    3.37517e-01    2.00222e+02
       284   -2.97015e+02    1.00232e+00    3.36329e-01    2.01640e+02
       285   -2.97018e+02    9.98803e-01    3.35149e-01    2.03062e+02
       286   -2.97022e+02    9.95312e-01    3.33978e-01    2.04490e+02
       287   -2.97025e+02    9.91845e-01    3.32815e-01    2.05922e+02
       288   -2.97029e+02    9.88403e-01    3.31659e-01    2.07360e+02
       289   -2.97032e+02    9.84984e-01    3.30512e-01    2.08802e+02
       290   -2.97036e+02    9.81588e-01    3.29373e-01    2.10250e+02
       291   -2.97039e+02    9.78216e-01    3.28241e-01    2.11703e+02
       292   -2.97042e+02    9.74867e-01    3.27118e-01    2.13160e+02
       293   -2.97046e+02    9.71541e-01    3.26002e-01    2.14623e+02
       294   -2.97049e+02    9.68238e-01    3.24893e-01    2.16090e+02
       295   -2.97052e+02    9.64957e-01    3.23792e-01    2.17562e+02
       296   -2.97056e+02    9.61698e-01    3.22699e-01    2.19040e+02
       297   -2.97059e+02    9.58461e-01    3.21613e-01    2.20522e+02
       298   -2.97062e+02    9.55246e-01    3.20534e-01    2.22010e+02
       299   -2.97065e+02    9.52052e-01    3.19462e-01    2.23502e+02
       300   -2.97068e+02    9.48880e-01    3.18397e-01    2.25000e+02
       301   -2.97072e+02    9.45728e-01    3.17340e-01    2.26503e+02
       302   -2.97075e+02    9.42598e-01    3.16290e-01    2.28010e+02
       303   -2.97078e+02    9.39488e-01    3.15246e-01    2.29523e+02
       304   -2.97081e+02    9.36398e-01    3.14209e-01    2.31040e+02
       305   -2.97084e+02    9.33329e-01    3.13180e-01    2.32562e+02
       306   -2.97087e+02    9.30280e-01    3.12156e-01    2.34090e+02
       307   -2.97090e+02    9.27251e-01    3.11140e-01    2.35623e+02
       308   -2.97093e+02    9.24241e-01    3.10130e-01    2.37160e+02
       309   -2.97096e+02    9.21251e-01    3.09127e-01    2.38702e+02
       310   -2.97099e+02    9.18280e-01    3.08130e-01    2.40250e+02
       311   -2.97102e+02    9.15329e-01    3.07139e-01    2.41803e+02
       312   -2.97105e+02    9.12396e-01    3.06155e-01    2.43360e+02
       313   -2.97108e+02    9.09482e-01    3.05178e-01    2.44923e+02
       314   -2.97111e+02    9.06586e-01    3.04206e-01    2.46490e+02
       315   -2.97114e+02    9.03709e-01    3.03240e-01    2.48062e+02
       316   -2.97116e+02    9.00850e-01    3.02281e-01    2.49640e+02
       317   -2.97119e+02    8.98009e-01    3.01328e-01    2.51222e+02
       318   -2.97122e+02    8.95186e-01    3.00381e-01    2.52810e+02
       319   -2.97125e+02    8.92381e-01    2.99439e-01    2.54402e+02
       320   -2.97128e+02    8.89593e-01    2.98504e-01    2.56000e+02
       321   -2.97130e+02    8.86823e-01    2.97574e-01    2.57603e+02
       322   -2.97133e+02    8.84069e-01    2.96650e-01    2.59210e+02
       323   -2.97136e+02    8.81333e-01    2.95732e-01    2.60822e+02
       324   -2.97139e+02    8.78614e-01    2.94820e-01    2.62440e+02
       325   -2.97141e+02    8.75911e-01    2.93913e-01    2.64062e+02
       326   -2.97144e+02    8.73225e-01    2.93012e-01    2.65690e+02
       327   -2.97147e+02    8.70556e-01    2.92116e-01    2.67323e+02
       328   -2.97149e+02    8.67902e-01    2.91225e-01    2.68960e+02
       329   -2.97152e+02    8.65265e-01    2.90341e-01    2.70602e+02
       330   -2.97155e+02    8.62644e-01    2.89461e-01    2.72250e+02
       331   -2.97157e+02    8.60038e-01    2.88587e-01    2.73903e+02
       332   -2.97160e+02    8.57449e-01    2.87718e-01    2.75560e+02
       333   -2.97162e+02    8.54875e-01    2.86854e-01    2.77222e+02
       334   -2.97165e+02    8.52316e-01    2.85995e-01    2.78890e+02
       335   -2.97168e+02    8.49772e-01    2.85142e-01    2.80562e+02
       336   -2.97170e+02    8.47244e-01    2.84294e-01    2.82240e+02
       337   -2.97173e+02    8.44731e-01    2.83450e-01    2.83923e+02
       338   -2.97175e+02    8.42232e-01    2.82612e-01    2.85610e+02
       339   -2.97178e+02    8.39748e-01    2.81778e-01    2.87302e+02
       340   -2.97180e+02    8.37279e-01    2.80950e-01    2.89000e+02
       341   -2.97182e+02    8.34825e-01    2.80126e-01    2.90703e+02
       342   -2.97185e+02    8.32384e-01    2.79307e-01    2.92410e+02
       343   -2.97187e+02    8.29958e-01    2.78493e-01    2.94122e+02
       344   -2.97190e+02    8.27546e-01    2.77684e-01    2.95840e+02
       345   -2.97192e+02    8.25148e-01    2.76879e-01    2.97562e+02
       346   -2.97195e+02    8.22764e-01    2.76079e-01    2.99290e+02
       347   -2.97197e+02    8.20394e-01    2.75284e-01    3.01023e+02
       348   -2.97199e+02    8.18037e-01    2.74493e-01    3.02760e+02
       349   -2.97202e+02    8.15694e-01    2.73707e-01    3.04502e+02
       350   -2.97204e+02    8.13364e-01    2.72925e-01    3.06250e+02
       351   -2.97206e+02    8.11047e-01    2.72148e-01    3.08002e+02
       352   -2.97209e+02    8.08744e-01    2.71375e-01    3.09760e+02
       353   -2.97211e+02    8.06453e-01    2.70606e-01    3.11522e+02
       354   -2.97213e+02    8.04176e-01    2.69842e-01    3.13290e+02
       355   -2.97215e+02    8.01911e-01    2.69082e-01    3.15062e+02
       356   -2.97218e+02    7.99659e-01    2.68326e-01    3.16840e+02
       357   -2.97220e+02    7.97420e-01    2.67575e-01    3.18623e+02
       358   -2.97222e+02    7.95193e-01    2.66828e-01    3.20410e+02
       359   -2.97224e+02    7.92979e-01    2.66085e-01    3.22202e+02
       360   -2.97227e+02    7.90777e-01    2.65346e-01    3.24000e+02
       361   -2.97229e+02    7.88587e-01    2.64611e-01    3.25803e+02
       362   -2.97231e+02    7.86409e-01    2.63880e-01    3.27610e+02
       363   -2.97233e+02    7.84243e-01    2.63154e-01    3.29422e+02
       364   -2.97235e+02    7.82089e-01    2.62431e-01    3.31240e+02
       365   -2.97237e+02    7.79947e-01    2.61712e-01    3.33062e+02
       366   -2.97239e+02    7.77817e-01    2.60997e-01    3.34890e+02
       367   -2.97242e+02    7.75698e-01    2.60286e-01    3.36723e+02
       368   -2.97244e+02    7.73591e-01    2.59579e-01    3.38560e+02
       369   -2.97246e+02    7.71495e-01    2.58876e-01    3.40402e+02
       370   -2.97248e+02    7.69410e-01    2.58176e-01    3.42250e+02
       371   -2.97250e+02    7.67337e-01    2.57481e-01    3.44103e+02
       372   -2.97252e+02    7.65275e-01    2.56789e-01    3.45960e+02
       373   -2.97254e+02    7.63223e-01    2.56100e-01    3.47822e+02
       374   -2.97256e+02    7.61183e-01    2.55416e-01    3.49690e+02
       375   -2.97258e+02    7.59154e-01    2.54735e-01    3.51562e+02
       376   -2.97260e+02    7.57136e-01    2.54058e-01    3.53440e+02
       377   -2.97262e+02    7.55128e-01    2.53384e-01    3.55323e+02
       378   -2.97264e+02    7.53131e-01    2.52714e-01    3.57210e+02
       379   -2.97266e+02    7.51144e-01    2.52047e-01    3.59102e+02
       380   -2.97268e+02    7.49168e-01    2.51384e-01    3.61000e+02
       381   -2.97270e+02    7.47202e-01    2.50724e-01    3.62903e+02
       382   -2.97272e+02    7.45246e-01    2.50068e-01    3.64810e+02
       383   -2.97274e+02    7.43301e-01    2.49415e-01    3.66722e+02
       384   -2.97276e+02    7.41366e-01    2.48766e-01    3.68640e+02
       385   -2.97278e+02    7.39441e-01    2.48120e-01    3.70562e+02
       386   -2.97280e+02    7.37526e-01    2.47477e-01    3.72490e+02
       387   -2.97282e+02    7.35620e-01    2.46838e-01    3.74423e+02
       388   -2.97284e+02    7.33725e-01    2.46202e-01    3.76360e+02
       389   -2.97285e+02    7.31839e-01    2.45569e-01    3.78302e+02
       390   -2.97287e+02    7.29963e-01    2.44940e-01    3.80250e+02
       391   -2.97289e+02    7.28097e-01    2.44314e-01    3.82203e+02
       392   -2.97291e+02    7.26240e-01    2.43691e-01    3.84160e+02
       393   -2.97293e+02    7.24392e-01    2.43071e-01    3.86122e+02
       394   -2.97295e+02    7.22554e-01    2.42454e-01    3.88090e+02
       395   -2.97297e+02    7.20726e-01    2.41840e-01    3.90062e+02
       396   -2.97298e+02    7.18906e-01    2.41230e-01    3.92040e+02
       397   -2.97300e+02    7.17096e-01    2.40622e-01    3.94023e+02
       398   -2.97302e+02    7.15294e-01    2.40018e-01    3.96010e+02
       399   -2.97304e+02    7.13502e-01    2.39416e-01    3.98002e+02
