         2   -1.23759e+02    1.37256e+02    5.25856e+01    1.00000e-02
         3   -2.30241e+02    3.07740e+01    1.17901e+01    2.25000e-02
         4   -1.99613e+02    6.14020e+01    2.35243e+01    4.00000e-02
         5   -2.23694e+02    3.73209e+01    1.42984e+01    6.25000e-02
         6   -2.23190e+02    3.78247e+01    1.44914e+01    9.00000e-02
         7   -2.31272e+02    2.97432e+01    1.13952e+01    1.22500e-01
         8   -2.33577e+02    2.74375e+01    1.05119e+01    1.60000e-01
         9   -2.37268e+02    2.37474e+01    9.09810e+00    2.02500e-01
        10   -2.39325e+02    2.16903e+01    8.31000e+00    2.50000e-01
        11   -2.41456e+02    1.95590e+01    7.49343e+00    3.02500e-01
        12   -2.43013e+02    1.80021e+01    6.89696e+00    3.60000e-01
        13   -2.44439e+02    1.65758e+01    6.35051e+00    4.22500e-01
        14   -2.45607e+02    1.54081e+01    5.90315e+00    4.90000e-01
        15   -2.46646e+02    1.43692e+01    5.50513e+00    5.62500e-01
        16   -2.47541e+02    1.34742e+01    5.16224e+00    6.40000e-01
        17   -2.48337e+02    1.26778e+01    4.85713e+00    7.22500e-01
        18   -2.49041e+02    1.19736e+01    4.58734e+00    8.10000e-01
        19   -2.49673e+02    1.13419e+01    4.34532e+00    9.02500e-01
        20   -2.50240e+02    1.07744e+01    4.12790e+00    1.00000e+00
        21   -2.50754e+02    1.02606e+01    3.93104e+00    1.10250e+00
        22   -2.51221e+02    9.79379e+00    3.75219e+00    1.21000e+00
        23   -2.51647e+02    9.36750e+00    3.58888e+00    1.32250e+00
        24   -2.52038e+02    8.97685e+00    3.43921e+00    1.44000e+00
        25   -2.52397e+02    8.61745e+00    3.30152e+00    1.56250e+00
        26   -2.52729e+02    8.28575e+00    3.17444e+00    1.69000e+00
        27   -2.53036e+02    7.97864e+00    3.05678e+00    1.82250e+00
        28   -2.53321e+02    7.69349e+00    2.94753e+00    1.96000e+00
        29   -2.53587e+02    7.42802e+00    2.84582e+00    2.10250e+00
        30   -2.53835e+02    7.18026e+00    2.75090e+00    2.25000e+00
        31   -2.54066e+02    6.94850e+00    2.66211e+00    2.40250e+00
        32   -2.54284e+02    6.73124e+00    2.57887e+00    2.56000e+00
        33   -2.54488e+02    6.52715e+00    2.50068e+00    2.72250e+00
        34   -2.54680e+02    6.33508e+00    2.42709e+00    2.89000e+00
        35   -2.54861e+02    6.15399e+00    2.35772e+00    3.06250e+00
        36   -2.55032e+02    5.98297e+00    2.29219e+00    3.24000e+00
        37   -2.55194e+02    5.82119e+00    2.23021e+00    3.42250e+00
        38   -2.55347e+02    5.66794e+00    2.17150e+00    3.61000e+00
        39   -2.55492e+02    5.52255e+00    2.11580e+00    3.80250e+00
        40   -2.55630e+02    5.38443e+00    2.06288e+00    4.00000e+00
        41   -2.55762e+02    5.25305e+00    2.01255e+00    4.20250e+00
        42   -2.55887e+02    5.12794e+00    1.96461e+00    4.41000e+00
        43   -2.56006e+02    5.00864e+00    1.91891e+00    4.62250e+00
        44   -2.56120e+02    4.89477e+00    1.87528e+00    4.84000e+00
        45   -2.56229e+02    4.78596e+00    1.83360e+00    5.06250e+00
        46   -2.56333e+02    4.68189e+00    1.79372e+00    5.29000e+00
        47   -2.56433e+02    4.58224e+00    1.75555e+00    5.52250e+00
        48   -2.56528e+02    4.48675e+00    1.71896e+00    5.76000e+00
        49   -2.56620e+02    4.39516e+00    1.68387e+00    6.00250e+00
        50   -2.56708e+02    4.30723e+00    1.65019e+00    6.25000e+00
        51   -2.56792e+02    4.22276e+00    1.61782e+00    6.50250e+00
        52   -2.56873e+02    4.14153e+00    1.58670e+00    6.76000e+00
        53   -2.56952e+02    4.06337e+00    1.55676e+00    7.02250e+00
        54   -2.57027e+02    3.98810e+00    1.52792e+00    7.29000e+00
        55   -2.57099e+02    3.91557e+00    1.50013e+00    7.56250e+00
        56   -2.57169e+02    3.84564e+00    1.47334e+00    7.84000e+00
        57   -2.57237e+02    3.77815e+00    1.44749e+00    8.12250e+00
        58   -2.57302e+02    3.71300e+00    1.42252e+00    8.41000e+00
        59   -2.57365e+02    3.65005e+00    1.39841e+00    8.70250e+00
        60   -2.57426e+02    3.58921e+00    1.37510e+00    9.00000e+00
        61   -2.57485e+02    3.53036e+00    1.35255e+00    9.30250e+00
        62   -2.57542e+02    3.47340e+00    1.33073e+00    9.61000e+00
        63   -2.57597e+02    3.41826e+00    1.30960e+00    9.92250e+00
        64   -2.57650e+02    3.36484e+00    1.28914e+00    1.02400e+01
        65   -2.57702e+02    3.31306e+00    1.26930e+00    1.05625e+01
        66   -2.57752e+02    3.26286e+00    1.25007e+00    1.08900e+01
        67   -2.57801e+02    3.21415e+00    1.23140e+00    1.12225e+01
        68   -2.57848e+02    3.16687e+00    1.21329e+00    1.15600e+01
        69   -2.57894e+02    3.12097e+00    1.19571e+00    1.19025e+01
        70   -2.57939e+02    3.07638e+00    1.17862e+00    1.22500e+01
        71   -2.57982e+02    3.03304e+00    1.16202e+00    1.26025e+01
        72   -2.58024e+02    2.99091e+00    1.14588e+00    1.29600e+01
        73   -2.58065e+02    2.94993e+00    1.13018e+00    1.33225e+01
        74   -2.58105e+02    2.91006e+00    1.11490e+00    1.36900e+01
        75   -2.58144e+02    2.87126e+00    1.10004e+00    1.40625e+01
        76   -2.58181e+02    2.83347e+00    1.08556e+00    1.44400e+01
        77   -2.58218e+02    2.79667e+00    1.07146e+00    1.48225e+01
        78   -2.58254e+02    2.76081e+00    1.05772e+00    1.52100e+01
        79   -2.58289e+02    2.72586e+00    1.04433e+00    1.56025e+01
        80   -2.58323e+02    2.69178e+00    1.03127e+00    1.60000e+01
        81   -2.58356e+02    2.65854e+00    1.01854e+00    1.64025e+01
        82   -2.58389e+02    2.62612e+00    1.00612e+00    1.68100e+01
        83   -2.58420e+02    2.59447e+00    9.93994e-01    1.72225e+01
        84   -2.58451e+02    2.56358e+00    9.82159e-01    1.76400e+01
        85   -2.58481e+02    2.53342e+00    9.70603e-01    1.80625e+01
        86   -2.58511e+02    2.50396e+00    9.59315e-01    1.84900e+01
        87   -2.58540e+02    2.47517e+00    9.48288e-01    1.89225e+01
        88   -2.58568e+02    2.44704e+00    9.37510e-01    1.93600e+01
        89   -2.58595e+02    2.41954e+00    9.26975e-01    1.98025e+01
        90   -2.58622e+02    2.39266e+00    9.16674e-01    2.02500e+01
        91   -2.58649e+02    2.36636e+00    9.06600e-01    2.07025e+01
        92   -2.58674e+02    2.34064e+00    8.96745e-01    2.11600e+01
        93   -2.58699e+02    2.31547e+00    8.87101e-01    2.16225e+01
        94   -2.58724e+02    2.29083e+00    8.77663e-01    2.20900e+01
        95   -2.58748e+02    2.26671e+00    8.68423e-01    2.25625e+01
        96   -2.58772e+02    2.24310e+00    8.59376e-01    2.30400e+01
        97   -2.58795e+02    2.21997e+00    8.50516e-01    2.35225e+01
        98   -2.58818e+02    2.19732e+00    8.41836e-01    2.40100e+01
        99   -2.58840e+02    2.17512e+00    8.33332e-01    2.45025e+01
       100   -2.58862e+02    2.15337e+00    8.24998e-01    2.50000e+01
       101   -2.58883e+02    2.13205e+00    8.16829e-01    2.55025e+01
       102   -2.58904e+02    2.11114e+00    8.08820e-01    2.60100e+01
       103   -2.58924e+02    2.09064e+00    8.00967e-01    2.65225e+01
       104   -2.58944e+02    2.07054e+00    7.93264e-01    2.70400e+01
       105   -2.58964e+02    2.05082e+00    7.85709e-01    2.75625e+01
       106   -2.58983e+02    2.03147e+00    7.78296e-01    2.80900e+01
       107   -2.59002e+02    2.01248e+00    7.71021e-01    2.86225e+01
       108   -2.59021e+02    1.99384e+00    7.63882e-01    2.91600e+01
       109   -2.59039e+02    1.97555e+00    7.56873e-01    2.97025e+01
       110   -2.59057e+02    1.95759e+00    7.49992e-01    3.02500e+01
       111   -2.59075e+02    1.93995e+00    7.43234e-01    3.08025e+01
       112   -2.59092e+02    1.92263e+00    7.36598e-01    3.13600e+01
       113   -2.59109e+02    1.90561e+00    7.30079e-01    3.19225e+01
       114   -2.59126e+02    1.88890e+00    7.23674e-01    3.24900e+01
       115   -2.59142e+02    1.87247e+00    7.17381e-01    3.30625e+01
       116   -2.59159e+02    1.85633e+00    7.11196e-01    3.36400e+01
       117   -2.59174e+02    1.84046e+00    7.05117e-01    3.42225e+01
       118   -2.59190e+02    1.82486e+00    6.99141e-01    3.48100e+01
       119   -2.59205e+02    1.80953e+00    6.93265e-01    3.54025e+01
       120   -2.59220e+02    1.79444e+00    6.87488e-01    3.60000e+01
       121   -2.59235e+02    1.77961e+00    6.81805e-01    3.66025e+01
       122   -2.59250e+02    1.76503e+00    6.76216e-01    3.72100e+01
       123   -2.59264e+02    1.75067e+00    6.70718e-01    3.78225e+01
       124   -2.59278e+02    1.73656e+00    6.65309e-01    3.84400e+01
       125   -2.59292e+02    1.72266e+00    6.59986e-01    3.90625e+01
       126   -2.59306e+02    1.70899e+00    6.54748e-01    3.96900e+01
       127   -2.59319e+02    1.69553e+00    6.49592e-01    4.03225e+01
       128   -2.59333e+02    1.68228e+00    6.44517e-01    4.09600e+01
       129   -2.59346e+02    1.66924e+00    6.39520e-01    4.16025e+01
       130   -2.59359e+02    1.65640e+00    6.34600e-01    4.22500e+01
       131   -2.59371e+02    1.64376e+00    6.29756e-01    4.29025e+01
       132   -2.59384e+02    1.63130e+00    6.24984e-01    4.35600e+01
       133   -2.59396e+02    1.61904e+00    6.20285e-01    4.42225e+01
       134   -2.59408e+02    1.60695e+00    6.15656e-01    4.48900e+01
       135   -2.59420e+02    1.59505e+00    6.11095e-01    4.55625e+01
       136   -2.59432e+02    1.58332e+00    6.06601e-01    4.62400e+01
       137   -2.59443e+02    1.57176e+00    6.02173e-01    4.69225e+01
       138   -2.59455e+02    1.56037e+00    5.97810e-01    4.76100e+01
       139   -2.59466e+02    1.54915e+00    5.93508e-01    4.83025e+01
       140   -2.59477e+02    1.53808e+00    5.89269e-01    4.90000e+01
       141   -2.59488e+02    1.52717e+00    5.85089e-01    4.97025e+01
       142   -2.59498e+02    1.51642e+00    5.80969e-01    5.04100e+01
       143   -2.59509e+02    1.50581e+00    5.76906e-01    5.11225e+01
       144   -2.59520e+02    1.49535e+00    5.72899e-01    5.18400e+01
       145   -2.59530e+02    1.48504e+00    5.68948e-01    5.25625e+01
       146   -2.59540e+02    1.47487e+00    5.65051e-01    5.32900e+01
       147   -2.59550e+02    1.46483e+00    5.61207e-01    5.40225e+01
       148   -2.59560e+02    1.45494e+00    5.57415e-01    5.47600e+01
       149   -2.59570e+02    1.44517e+00    5.53673e-01    5.55025e+01
       150   -2.59579e+02    1.43554e+00    5.49982e-01    5.62500e+01
       151   -2.59589e+02    1.42603e+00    5.46340e-01    5.70025e+01
       152   -2.59598e+02    1.41665e+00    5.42745e-01    5.77600e+01
       153   -2.59608e+02    1.40739e+00    5.39197e-01    5.85225e+01
       154   -2.59617e+02    1.39825e+00    5.35696e-01    5.92900e+01
       155   -2.59626e+02    1.38923e+00    5.32240e-01    6.00625e+01
       156   -2.59635e+02    1.38032e+00    5.28828e-01    6.08400e+01
       157   -2.59643e+02    1.37153e+00    5.25459e-01    6.16225e+01
       158   -2.59652e+02    1.36285e+00    5.22133e-01    6.24100e+01
       159   -2.59661e+02    1.35427e+00    5.18849e-01    6.32025e+01
       160   -2.59669e+02    1.34581e+00    5.15606e-01    6.40000e+01
       161   -2.59677e+02    1.33745e+00    5.12404e-01    6.48025e+01
       162   -2.59686e+02    1.32919e+00    5.09241e-01    6.56100e+01
       163   -2.59694e+02    1.32104e+00    5.06116e-01    6.64225e+01
       164   -2.59702e+02    1.31298e+00    5.03030e-01    6.72400e+01
       165   -2.59710e+02    1.30503e+00    4.99981e-01    6.80625e+01
       166   -2.59718e+02    1.29716e+00    4.96969e-01    6.88900e+01
       167   -2.59726e+02    1.28940e+00    4.93993e-01    6.97225e+01
       168   -2.59733e+02    1.28172e+00    4.91052e-01    7.05600e+01
       169   -2.59741e+02    1.27414e+00    4.88147e-01    7.14025e+01
       170   -2.59748e+02    1.26664e+00    4.85275e-01    7.22500e+01
       171   -2.59756e+02    1.25923e+00    4.82437e-01    7.31025e+01
       172   -2.59763e+02    1.25191e+00    4.79632e-01    7.39600e+01
       173   -2.59770e+02    1.24467e+00    4.76860e-01    7.48225e+01
       174   -2.59777e+02    1.23752e+00    4.74119e-01    7.56900e+01
       175   -2.59784e+02    1.23045e+00    4.71409e-01    7.65625e+01
       176   -2.59791e+02    1.22346e+00    4.68731e-01    7.74400e+01
       177   -2.59798e+02    1.21655e+00    4.66083e-01    7.83225e+01
       178   -2.59805e+02    1.20971e+00    4.63464e-01    7.92100e+01
       179   -2.59812e+02    1.20295e+00    4.60875e-01    8.01025e+01
       180   -2.59819e+02    1.19627e+00    4.58314e-01    8.10000e+01
       181   -2.59825e+02    1.18966e+00    4.55782e-01    8.19025e+01
       182   -2.59832e+02    1.18312e+00    4.53278e-01    8.28100e+01
       183   -2.59838e+02    1.17666e+00    4.50801e-01    8.37225e+01
       184   -2.59845e+02    1.17026e+00    4.48350e-01    8.46400e+01
       185   -2.59851e+02    1.16394e+00    4.45927e-01    8.55625e+01
       186   -2.59857e+02    1.15768e+00    4.43529e-01    8.64900e+01
       187   -2.59863e+02    1.15149e+00    4.41157e-01    8.74225e+01
       188   -2.59870e+02    1.14536e+00    4.38811e-01    8.83600e+01
       189   -2.59876e+02    1.13930e+00    4.36489e-01    8.93025e+01
       190   -2.59882e+02    1.13330e+00    4.34191e-01    9.02500e+01
       191   -2.59888e+02    1.12737e+00    4.31918e-01    9.12025e+01
       192   -2.59893e+02    1.12150e+00    4.29668e-01    9.21600e+01
       193   -2.59899e+02    1.11569e+00    4.27442e-01    9.31225e+01
       194   -2.59905e+02    1.10994e+00    4.25239e-01    9.40900e+01
       195   -2.59911e+02    1.10424e+00    4.23058e-01    9.50625e+01
       196   -2.59916e+02    1.09861e+00    4.20899e-01    9.60400e+01
       197   -2.59922e+02    1.09303e+00    4.18763e-01    9.70225e+01
       198   -2.59927e+02    1.08751e+00    4.16648e-01    9.80100e+01
       199   -2.59933e+02    1.08205e+00    4.14554e-01    9.90025e+01
       200   -2.59938e+02    1.07664e+00    4.12481e-01    1.00000e+02
       201   -2.59944e+02    1.07128e+00    4.10429e-01    1.01003e+02
       202   -2.59949e+02    1.06598e+00    4.08397e-01    1.02010e+02
       203   -2.59954e+02    1.06073e+00    4.06385e-01    1.03023e+02
       204   -2.59959e+02    1.05553e+00    4.04393e-01    1.04040e+02
       205   -2.59965e+02    1.05038e+00    4.02420e-01    1.05062e+02
       206   -2.59970e+02    1.04528e+00    4.00467e-01    1.06090e+02
       207   -2.59975e+02    1.04023e+00    3.98532e-01    1.07122e+02
       208   -2.59980e+02    1.03523e+00    3.96616e-01    1.08160e+02
       209   -2.59985e+02    1.03027e+00    3.94718e-01    1.09202e+02
       210   -2.59990e+02    1.02537e+00    3.92838e-01    1.10250e+02
       211   -2.59994e+02    1.02051e+00    3.90976e-01    1.11303e+02
       212   -2.59999e+02    1.01569e+00    3.89132e-01    1.12360e+02
       213   -2.60004e+02    1.01092e+00    3.87305e-01    1.13423e+02
       214   -2.60009e+02    1.00620e+00    3.85495e-01    1.14490e+02
       215   -2.60013e+02    1.00152e+00    3.83702e-01    1.15562e+02
       216   -2.60018e+02    9.96883e-01    3.81926e-01    1.16640e+02
       217   -2.60023e+02    9.92289e-01    3.80166e-01    1.17722e+02
       218   -2.60027e+02    9.87737e-01    3.78422e-01    1.18810e+02
       219   -2.60032e+02    9.83227e-01    3.76694e-01    1.19902e+02
       220   -2.60036e+02    9.78757e-01    3.74981e-01    1.21000e+02
       221   -2.60041e+02    9.74328e-01    3.73285e-01    1.22103e+02
       222   -2.60045e+02    9.69939e-01    3.71603e-01    1.23210e+02
       223   -2.60049e+02    9.65590e-01    3.69937e-01    1.24323e+02
       224   -2.60054e+02    9.61279e-01    3.68285e-01    1.25440e+02
       225   -2.60058e+02    9.57006e-01    3.66648e-01    1.26562e+02
       226   -2.60062e+02    9.52772e-01    3.65026e-01    1.27690e+02
       227   -2.60066e+02    9.48574e-01    3.63418e-01    1.28822e+02
       228   -2.60070e+02    9.44414e-01    3.61824e-01    1.29960e+02
       229   -2.60075e+02    9.40290e-01    3.60244e-01    1.31102e+02
       230   -2.60079e+02    9.36201e-01    3.58677e-01    1.32250e+02
       231   -2.60083e+02    9.32148e-01    3.57125e-01    1.33403e+02
       232   -2.60087e+02    9.28130e-01    3.55585e-01    1.34560e+02
       233   -2.60091e+02    9.24147e-01    3.54059e-01    1.35722e+02
       234   -2.60095e+02    9.20197e-01    3.52546e-01    1.36890e+02
       235   -2.60099e+02    9.16281e-01    3.51046e-01    1.38062e+02
       236   -2.60103e+02    9.12399e-01    3.49558e-01    1.39240e+02
       237   -2.60106e+02    9.08549e-01    3.48083e-01    1.40422e+02
       238   -2.60110e+02    9.04731e-01    3.46621e-01    1.41610e+02
       239   -2.60114e+02    9.00946e-01    3.45170e-01    1.42802e+02
       240   -2.60118e+02    8.97192e-01    3.43732e-01    1.44000e+02
       241   -2.60121e+02    8.93469e-01    3.42306e-01    1.45203e+02
       242   -2.60125e+02    8.89777e-01    3.40891e-01    1.46410e+02
       243   -2.60129e+02    8.86115e-01    3.39488e-01    1.47623e+02
       244   -2.60132e+02    8.82483e-01    3.38097e-01    1.48840e+02
       245   -2.60136e+02    8.78881e-01    3.36717e-01    1.50062e+02
       246   -2.60140e+02    8.75308e-01    3.35348e-01    1.51290e+02
       247   -2.60143e+02    8.71764e-01    3.33990e-01    1.52522e+02
       248   -2.60147e+02    8.68249e-01    3.32643e-01    1.53760e+02
       249   -2.60150e+02    8.64762e-01    3.31308e-01    1.55002e+02
       250   -2.60154e+02    8.61303e-01    3.29982e-01    1.56250e+02
       251   -2.60157e+02    8.57871e-01    3.28668e-01    1.57503e+02
       252   -2.60160e+02    8.54467e-01    3.27363e-01    1.58760e+02
       253   -2.60164e+02    8.51090e-01    3.26069e-01    1.60023e+02
       254   -2.60167e+02    8.47739e-01    3.24786e-01    1.61290e+02
       255   -2.60170e+02    8.44414e-01    3.23512e-01    1.62562e+02
       256   -2.60174e+02    8.41116e-01    3.22248e-01    1.63840e+02
       257   -2.60177e+02    8.37843e-01    3.20994e-01    1.65123e+02
       258   -2.60180e+02    8.34595e-01    3.19750e-01    1.66410e+02
       259   -2.60184e+02    8.31373e-01    3.18515e-01    1.67702e+02
       260   -2.60187e+02    8.28175e-01    3.17290e-01    1.69000e+02
       261   -2.60190e+02    8.25002e-01    3.16075e-01    1.70303e+02
       262   -2.60193e+02    8.21853e-01    3.14868e-01    1.71610e+02
       263   -2.60196e+02    8.18728e-01    3.13671e-01    1.72923e+02
       264   -2.60199e+02    8.15626e-01    3.12483e-01    1.74240e+02
       265   -2.60202e+02    8.12549e-01    3.11304e-01    1.75562e+02
       266   -2.60205e+02    8.09494e-01    3.10133e-01    1.76890e+02
       267   -2.60208e+02    8.06462e-01    3.08972e-01    1.78222e+02
       268   -2.60211e+02    8.03453e-01    3.07819e-01    1.79560e+02
       269   -2.60214e+02    8.00466e-01    3.06674e-01    1.80902e+02
       270   -2.60217e+02    7.97501e-01    3.05538e-01    1.82250e+02
       271   -2.60220e+02    7.94558e-01    3.04411e-01    1.83603e+02
       272   -2.60223e+02    7.91637e-01    3.03292e-01    1.84960e+02
       273   -2.60226e+02    7.88737e-01    3.02181e-01    1.86323e+02
       274   -2.60229e+02    7.85858e-01    3.01078e-01    1.87690e+02
       275   -2.60232e+02    7.83001e-01    2.99983e-01    1.89062e+02
       276   -2.60235e+02    7.80164e-01    2.98896e-01    1.90440e+02
       277   -2.60238e+02    7.77347e-01    2.97817e-01    1.91822e+02
       278   -2.60240e+02    7.74551e-01    2.96746e-01    1.93210e+02
       279   -2.60243e+02    7.71774e-01    2.95682e-01    1.94602e+02
       280   -2.60246e+02    7.69018e-01    2.94626e-01    1.96000e+02
       281   -2.60249e+02    7.66281e-01    2.93578e-01    1.97403e+02
       282   -2.60251e+02    7.63564e-01    2.92537e-01    1.98810e+02
       283   -2.60254e+02    7.60866e-01    2.91503e-01    2.00222e+02
       284   -2.60257e+02    7.58187e-01    2.90476e-01    2.01640e+02
       285   -2.60259e+02    7.55526e-01    2.89457e-01    2.03062e+02
       286   -2.60262e+02    7.52884e-01    2.88445e-01    2.04490e+02
       287   -2.60265e+02    7.50261e-01    2.87440e-01    2.05922e+02
       288   -2.60267e+02    7.47656e-01    2.86442e-01    2.07360e+02
       289   -2.60270e+02    7.45069e-01    2.85451e-01    2.08802e+02
       290   -2.60272e+02    7.42500e-01    2.84466e-01    2.10250e+02
       291   -2.60275e+02    7.39948e-01    2.83489e-01    2.11703e+02
       292   -2.60277e+02    7.37414e-01    2.82518e-01    2.13160e+02
       293   -2.60280e+02    7.34897e-01    2.81554e-01    2.14623e+02
       294   -2.60283e+02    7.32397e-01    2.80596e-01    2.16090e+02
       295   -2.60285e+02    7.29914e-01    2.79645e-01    2.17562e+02
       296   -2.60287e+02    7.27448e-01    2.78700e-01    2.19040e+02
       297   -2.60290e+02    7.24999e-01    2.77762e-01    2.20522e+02
       298   -2.60292e+02    7.22566e-01    2.76829e-01    2.22010e+02
       299   -2.60295e+02    7.20150e-01    2.75904e-01    2.23502e+02
       300   -2.60297e+02    7.17749e-01    2.74984e-01    2.25000e+02
       301   -2.60300e+02    7.15364e-01    2.74070e-01    2.26503e+02
       302   -2.60302e+02    7.12996e-01    2.73163e-01    2.28010e+02
       303   -2.60304e+02    7.10642e-01    2.72261e-01    2.29523e+02
       304   -2.60307e+02    7.08305e-01    2.71366e-01    2.31040e+02
       305   -2.60309e+02    7.05982e-01    2.70476e-01    2.32562e+02
       306   -2.60311e+02    7.03675e-01    2.69592e-01    2.34090e+02
       307   -2.60314e+02    7.01383e-01    2.68714e-01    2.35623e+02
       308   -2.60316e+02    6.99106e-01    2.67841e-01    2.37160e+02
       309   -2.60318e+02    6.96843e-01    2.66974e-01    2.38702e+02
       310   -2.60320e+02    6.94595e-01    2.66113e-01    2.40250e+02
       311   -2.60323e+02    6.92362e-01    2.65258e-01    2.41803e+02
       312   -2.60325e+02    6.90143e-01    2.64407e-01    2.43360e+02
       313   -2.60327e+02    6.87938e-01    2.63563e-01    2.44923e+02
       314   -2.60329e+02    6.85747e-01    2.62723e-01    2.46490e+02
       315   -2.60331e+02    6.83570e-01    2.61889e-01    2.48062e+02
       316   -2.60334e+02    6.81406e-01    2.61060e-01    2.49640e+02
       317   -2.60336e+02    6.79257e-01    2.60237e-01    2.51222e+02
       318   -2.60338e+02    6.77121e-01    2.59418e-01    2.52810e+02
       319   -2.60340e+02    6.74998e-01    2.58605e-01    2.54402e+02
       320   -2.60342e+02    6.72889e-01    2.57797e-01    2.56000e+02
       321   -2.60344e+02    6.70792e-01    2.56994e-01    2.57603e+02
       322   -2.60346e+02    6.68709e-01    2.56196e-01    2.59210e+02
       323   -2.60348e+02    6.66639e-01    2.55403e-01    2.60822e+02
       324   -2.60350e+02    6.64581e-01    2.54614e-01    2.62440e+02
       325   -2.60352e+02    6.62536e-01    2.53831e-01    2.64062e+02
       326   -2.60354e+02    6.60504e-01    2.53052e-01    2.65690e+02
       327   -2.60356e+02    6.58484e-01    2.52278e-01    2.67323e+02
       328   -2.60358e+02    6.56476e-01    2.51509e-01    2.68960e+02
       329   -2.60360e+02    6.54481e-01    2.50745e-01    2.70602e+02
       330   -2.60362e+02    6.52498e-01    2.49985e-01    2.72250e+02
       331   -2.60364e+02    6.50526e-01    2.49230e-01    2.73903e+02
       332   -2.60366e+02    6.48567e-01    2.48479e-01    2.75560e+02
       333   -2.60368e+02    6.46619e-01    2.47733e-01    2.77222e+02
       334   -2.60370e+02    6.44683e-01    2.46991e-01    2.78890e+02
       335   -2.60372e+02    6.42759e-01    2.46254e-01    2.80562e+02
       336   -2.60374e+02    6.40846e-01    2.45521e-01    2.82240e+02
       337   -2.60376e+02    6.38944e-01    2.44792e-01    2.83923e+02
       338   -2.60378e+02    6.37054e-01    2.44068e-01    2.85610e+02
       339   -2.60380e+02    6.35174e-01    2.43348e-01    2.87302e+02
       340   -2.60382e+02    6.33306e-01    2.42632e-01    2.89000e+02
       341   -2.60383e+02    6.31449e-01    2.41921e-01    2.90703e+02
       342   -2.60385e+02    6.29603e-01    2.41213e-01    2.92410e+02
       343   -2.60387e+02    6.27767e-01    2.40510e-01    2.94122e+02
       344   -2.60389e+02    6.25942e-01    2.39811e-01    2.95840e+02
       345   -2.60391e+02    6.24128e-01    2.39116e-01    2.97562e+02
       346   -2.60393e+02    6.22324e-01    2.38425e-01    2.99290e+02
       347   -2.60394e+02    6.20530e-01    2.37737e-01    3.01023e+02
       348   -2.60396e+02    6.18747e-01    2.37054e-01    3.02760e+02
       349   -2.60398e+02    6.16974e-01    2.36375e-01    3.04502e+02
       350   -2.60400e+02    6.15211e-01    2.35700e-01    3.06250e+02
       351   -2.60401e+02    6.13459e-01    2.35028e-01    3.08002e+02
       352   -2.60403e+02    6.11716e-01    2.34360e-01    3.09760e+02
       353   -2.60405e+02    6.09983e-01    2.33697e-01    3.11522e+02
       354   -2.60407e+02    6.08260e-01    2.33036e-01    3.13290e+02
       355   -2.60408e+02    6.06546e-01    2.32380e-01    3.15062e+02
       356   -2.60410e+02    6.04842e-01    2.31727e-01    3.16840e+02
       357   -2.60412e+02    6.03148e-01    2.31078e-01    3.18623e+02
       358   -2.60413e+02    6.01463e-01    2.30433e-01    3.20410e+02
       359   -2.60415e+02    5.99788e-01    2.29791e-01    3.22202e+02
       360   -2.60417e+02    5.98122e-01    2.29152e-01    3.24000e+02
       361   -2.60418e+02    5.96465e-01    2.28518e-01    3.25803e+02
       362   -2.60420e+02    5.94817e-01    2.27886e-01    3.27610e+02
       363   -2.60422e+02    5.93179e-01    2.27258e-01    3.29422e+02
       364   -2.60423e+02    5.91549e-01    2.26634e-01    3.31240e+02
       365   -2.60425e+02    5.89928e-01    2.26013e-01    3.33062e+02
       366   -2.60427e+02    5.88316e-01    2.25396e-01    3.34890e+02
       367   -2.60428e+02    5.86713e-01    2.24782e-01    3.36723e+02
       368   -2.60430e+02    5.85119e-01    2.24171e-01    3.38560e+02
       369   -2.60431e+02    5.83533e-01    2.23563e-01    3.40402e+02
       370   -2.60433e+02    5.81956e-01    2.22959e-01    3.42250e+02
       371   -2.60435e+02    5.80387e-01    2.22358e-01    3.44103e+02
       372   -2.60436e+02    5.78827e-01    2.21760e-01    3.45960e+02
       373   -2.60438e+02    5.77275e-01    2.21166e-01    3.47822e+02
       374   -2.60439e+02    5.75732e-01    2.20574e-01    3.49690e+02
       375   -2.60441e+02    5.74196e-01    2.19986e-01    3.51562e+02
       376   -2.60442e+02    5.72669e-01    2.19401e-01    3.53440e+02
       377   -2.60444e+02    5.71150e-01    2.18819e-01    3.55323e+02
       378   -2.60445e+02    5.69639e-01    2.18240e-01    3.57210e+02
       379   -2.60447e+02    5.68136e-01    2.17664e-01    3.59102e+02
       380   -2.60448e+02    5.66641e-01    2.17091e-01    3.61000e+02
       381   -2.60450e+02    5.65154e-01    2.16522e-01    3.62903e+02
       382   -2.60451e+02    5.63674e-01    2.15955e-01    3.64810e+02
       383   -2.60453e+02    5.62203e-01    2.15391e-01    3.66722e+02
       384   -2.60454e+02    5.60739e-01    2.14830e-01    3.68640e+02
       385   -2.60456e+02    5.59282e-01    2.14272e-01    3.70562e+02
       386   -2.60457e+02    5.57833e-01    2.13717e-01    3.72490e+02
       387   -2.60459e+02    5.56392e-01    2.13165e-01    3.74423e+02
       388   -2.60460e+02    5.54958e-01    2.12615e-01    3.76360e+02
       389   -2.60461e+02    5.53531e-01    2.12069e-01    3.78302e+02
       390   -2.60463e+02    5.52112e-01    2.11525e-01    3.80250e+02
       391   -2.60464e+02    5.50700e-01    2.10984e-01    3.82203e+02
       392   -2.60466e+02    5.49295e-01    2.10446e-01    3.84160e+02
       393   -2.60467e+02    5.47897e-01    2.09910e-01    3.86122e+02
       394   -2.60468e+02    5.46506e-01    2.09377e-01    3.88090e+02
       395   -2.60470e+02    5.45123e-01    2.08847e-01    3.90062e+02
       396   -2.60471e+02    5.43746e-01    2.08320e-01    3.92040e+02
       397   -2.60473e+02    5.42376e-01    2.07795e-01    3.94023e+02
       398   -2.60474e+02    5.41014e-01    2.07273e-01    3.96010e+02
       399   -2.60475e+02    5.39658e-01    2.06754e-01    3.98002e+02
