         2   -1.24966e+02    1.79080e+02    5.88989e+01    1.00000e-02
         3   -8.48265e+02   -5.44218e+02    1.78992e+02    2.25000e-02
         4   -2.08642e+02    9.54044e+01    3.13782e+01    4.00000e-02
         5   -4.52398e+02   -1.48351e+02    4.87921e+01    6.25000e-02
         6   -2.40359e+02    6.36877e+01    2.09467e+01    9.00000e-02
         7   -3.56496e+02   -5.24488e+01    1.72502e+01    1.22500e-01
         8   -2.56920e+02    4.71269e+01    1.54999e+01    1.60000e-01
         9   -3.22323e+02   -1.82763e+01    6.01101e+00    2.02500e-01
        10   -2.67031e+02    3.70157e+01    1.21743e+01    2.50000e-01
        11   -3.07659e+02   -3.61234e+00    1.18809e+00    3.02500e-01
        12   -2.73807e+02    3.02397e+01    9.94573e+00    3.60000e-01
        13   -3.00715e+02    3.33149e+00    1.09571e+00    4.22500e-01
        14   -2.78638e+02    2.54092e+01    8.35700e+00    4.90000e-01
        15   -2.97277e+02    6.76952e+00    2.22647e+00    5.62500e-01
        16   -2.82236e+02    2.18106e+01    7.17342e+00    6.40000e-01
        17   -2.95582e+02    8.46498e+00    2.78410e+00    7.22500e-01
        18   -2.85007e+02    1.90396e+01    6.26206e+00    8.10000e-01
        19   -2.94807e+02    9.24026e+00    3.03909e+00    9.02500e-01
        20   -2.87197e+02    1.68502e+01    5.54199e+00    1.00000e+00
        21   -2.94536e+02    9.51037e+00    3.12793e+00    1.10250e+00
        22   -2.88963e+02    1.50842e+01    4.96113e+00    1.21000e+00
        23   -2.94549e+02    9.49739e+00    3.12366e+00    1.32250e+00
        24   -2.90412e+02    1.36349e+01    4.48446e+00    1.44000e+00
        25   -2.94721e+02    9.32551e+00    3.06713e+00    1.56250e+00
        26   -2.91619e+02    1.24282e+01    4.08759e+00    1.69000e+00
        27   -2.94980e+02    9.06647e+00    2.98193e+00    1.82250e+00
        28   -2.92636e+02    1.14108e+01    3.75298e+00    1.96000e+00
        29   -2.95284e+02    8.76265e+00    2.88201e+00    2.10250e+00
        30   -2.93503e+02    1.05436e+01    3.46776e+00    2.25000e+00
        31   -2.95607e+02    8.43948e+00    2.77572e+00    2.40250e+00
        32   -2.94250e+02    9.79716e+00    3.22225e+00    2.56000e+00
        33   -2.95935e+02    8.11223e+00    2.66809e+00    2.72250e+00
        34   -2.94898e+02    9.14900e+00    3.00908e+00    2.89000e+00
        35   -2.96257e+02    7.79005e+00    2.56212e+00    3.06250e+00
        36   -2.95465e+02    8.58170e+00    2.82249e+00    3.24000e+00
        37   -2.96569e+02    7.47826e+00    2.45958e+00    3.42250e+00
        38   -2.95965e+02    8.08154e+00    2.65799e+00    3.61000e+00
        39   -2.96867e+02    7.17979e+00    2.36141e+00    3.80250e+00
        40   -2.96409e+02    7.63765e+00    2.51200e+00    4.00000e+00
        41   -2.97151e+02    6.89610e+00    2.26810e+00    4.20250e+00
        42   -2.96806e+02    7.24125e+00    2.38162e+00    4.41000e+00
        43   -2.97419e+02    6.62769e+00    2.17982e+00    4.62250e+00
        44   -2.97162e+02    6.88526e+00    2.26454e+00    4.84000e+00
        45   -2.97672e+02    6.37447e+00    2.09654e+00    5.06250e+00
        46   -2.97483e+02    6.56387e+00    2.15883e+00    5.29000e+00
        47   -2.97911e+02    6.13602e+00    2.01812e+00    5.52250e+00
        48   -2.97775e+02    6.27229e+00    2.06294e+00    5.76000e+00
        49   -2.98135e+02    5.91168e+00    1.94433e+00    6.00250e+00
        50   -2.98040e+02    6.00656e+00    1.97554e+00    6.25000e+00
        51   -2.98346e+02    5.70072e+00    1.87495e+00    6.50250e+00
        52   -2.98283e+02    5.76337e+00    1.89555e+00    6.76000e+00
        53   -2.98544e+02    5.50233e+00    1.80970e+00    7.02250e+00
        54   -2.98507e+02    5.53994e+00    1.82207e+00    7.29000e+00
        55   -2.98731e+02    5.31569e+00    1.74831e+00    7.56250e+00
        56   -2.98713e+02    5.33391e+00    1.75430e+00    7.84000e+00
        57   -2.98907e+02    5.14001e+00    1.69053e+00    8.12250e+00
        58   -2.98904e+02    5.14328e+00    1.69161e+00    8.41000e+00
        59   -2.99072e+02    4.97453e+00    1.63611e+00    8.70250e+00
        60   -2.99080e+02    4.96635e+00    1.63342e+00    9.00000e+00
        61   -2.99228e+02    4.81853e+00    1.58480e+00    9.30250e+00
        62   -2.99245e+02    4.80165e+00    1.57925e+00    9.61000e+00
        63   -2.99375e+02    4.67132e+00    1.53638e+00    9.92250e+00
        64   -2.99399e+02    4.64793e+00    1.52869e+00    1.02400e+01
        65   -2.99515e+02    4.53228e+00    1.49065e+00    1.05625e+01
        66   -2.99543e+02    4.50408e+00    1.48138e+00    1.08900e+01
        67   -2.99646e+02    4.40082e+00    1.44741e+00    1.12225e+01
        68   -2.99678e+02    4.36916e+00    1.43700e+00    1.15600e+01
        69   -2.99770e+02    4.27639e+00    1.40649e+00    1.19025e+01
        70   -2.99804e+02    4.24232e+00    1.39529e+00    1.22500e+01
        71   -2.99888e+02    4.15849e+00    1.36771e+00    1.26025e+01
        72   -2.99924e+02    4.12285e+00    1.35599e+00    1.29600e+01
        73   -3.00000e+02    4.04667e+00    1.33094e+00    1.33225e+01
        74   -3.00037e+02    4.01010e+00    1.31891e+00    1.36900e+01
        75   -3.00106e+02    3.94050e+00    1.29602e+00    1.40625e+01
        76   -3.00143e+02    3.90350e+00    1.28385e+00    1.44400e+01
        77   -3.00207e+02    3.83958e+00    1.26283e+00    1.48225e+01
        78   -3.00244e+02    3.80254e+00    1.25064e+00    1.52100e+01
        79   -3.00303e+02    3.74356e+00    1.23125e+00    1.56025e+01
        80   -3.00340e+02    3.70677e+00    1.21914e+00    1.60000e+01
        81   -3.00395e+02    3.65212e+00    1.20117e+00    1.64025e+01
        82   -3.00431e+02    3.61579e+00    1.18922e+00    1.68100e+01
        83   -3.00482e+02    3.56493e+00    1.17249e+00    1.72225e+01
        84   -3.00518e+02    3.52925e+00    1.16076e+00    1.76400e+01
        85   -3.00565e+02    3.48174e+00    1.14513e+00    1.80625e+01
        86   -3.00600e+02    3.44681e+00    1.13364e+00    1.84900e+01
        87   -3.00645e+02    3.40227e+00    1.11900e+00    1.89225e+01
        88   -3.00679e+02    3.36819e+00    1.10779e+00    1.93600e+01
        89   -3.00721e+02    3.32630e+00    1.09401e+00    1.98025e+01
        90   -3.00754e+02    3.29311e+00    1.08309e+00    2.02500e+01
        91   -3.00793e+02    3.25360e+00    1.07010e+00    2.07025e+01
        92   -3.00825e+02    3.22134e+00    1.05949e+00    2.11600e+01
        93   -3.00863e+02    3.18398e+00    1.04720e+00    2.16225e+01
        94   -3.00894e+02    3.15267e+00    1.03690e+00    2.20900e+01
        95   -3.00930e+02    3.11724e+00    1.02525e+00    2.25625e+01
        96   -3.00960e+02    3.08688e+00    1.01527e+00    2.30400e+01
        97   -3.00994e+02    3.05321e+00    1.00419e+00    2.35225e+01
        98   -3.01023e+02    3.02381e+00    9.94521e-01    2.40100e+01
        99   -3.01055e+02    2.99175e+00    9.83976e-01    2.45025e+01
       100   -3.01084e+02    2.96328e+00    9.74612e-01    2.50000e+01
       101   -3.01114e+02    2.93269e+00    9.64552e-01    2.55025e+01
       102   -3.01142e+02    2.90514e+00    9.55490e-01    2.60100e+01
       103   -3.01171e+02    2.87591e+00    9.45876e-01    2.65225e+01
       104   -3.01198e+02    2.84925e+00    9.37107e-01    2.70400e+01
       105   -3.01226e+02    2.82127e+00    9.27905e-01    2.75625e+01
       106   -3.01251e+02    2.79547e+00    9.19422e-01    2.80900e+01
       107   -3.01278e+02    2.76865e+00    9.10601e-01    2.86225e+01
       108   -3.01303e+02    2.74370e+00    9.02395e-01    2.91600e+01
       109   -3.01329e+02    2.71796e+00    8.93929e-01    2.97025e+01
       110   -3.01353e+02    2.69382e+00    8.85988e-01    3.02500e+01
       111   -3.01378e+02    2.66908e+00    8.77853e-01    3.08025e+01
       112   -3.01401e+02    2.64572e+00    8.70170e-01    3.13600e+01
       113   -3.01425e+02    2.62193e+00    8.62344e-01    3.19225e+01
       114   -3.01447e+02    2.59932e+00    8.54908e-01    3.24900e+01
       115   -3.01470e+02    2.57641e+00    8.47371e-01    3.30625e+01
       116   -3.01492e+02    2.55452e+00    8.40174e-01    3.36400e+01
       117   -3.01514e+02    2.53243e+00    8.32909e-01    3.42225e+01
       118   -3.01536e+02    2.51124e+00    8.25940e-01    3.48100e+01
       119   -3.01557e+02    2.48993e+00    8.18930e-01    3.54025e+01
       120   -3.01577e+02    2.46941e+00    8.12181e-01    3.60000e+01
       121   -3.01598e+02    2.44883e+00    8.05413e-01    3.66025e+01
       122   -3.01618e+02    2.42895e+00    7.98874e-01    3.72100e+01
       123   -3.01638e+02    2.40906e+00    7.92334e-01    3.78225e+01
       124   -3.01657e+02    2.38980e+00    7.85997e-01    3.84400e+01
       125   -3.01676e+02    2.37057e+00    7.79672e-01    3.90625e+01
       126   -3.01695e+02    2.35189e+00    7.73528e-01    3.96900e+01
       127   -3.01714e+02    2.33328e+00    7.67408e-01    4.03225e+01
       128   -3.01732e+02    2.31516e+00    7.61450e-01    4.09600e+01
       129   -3.01750e+02    2.29714e+00    7.55523e-01    4.16025e+01
       130   -3.01767e+02    2.27957e+00    7.49743e-01    4.22500e+01
       131   -3.01785e+02    2.26211e+00    7.44000e-01    4.29025e+01
       132   -3.01802e+02    2.24505e+00    7.38391e-01    4.35600e+01
       133   -3.01819e+02    2.22813e+00    7.32824e-01    4.42225e+01
       134   -3.01835e+02    2.21157e+00    7.27378e-01    4.48900e+01
       135   -3.01852e+02    2.19515e+00    7.21978e-01    4.55625e+01
       136   -3.01868e+02    2.17907e+00    7.16689e-01    4.62400e+01
       137   -3.01884e+02    2.16313e+00    7.11448e-01    4.69225e+01
       138   -3.01899e+02    2.14751e+00    7.06309e-01    4.76100e+01
       139   -3.01915e+02    2.13204e+00    7.01221e-01    4.83025e+01
       140   -3.01930e+02    2.11685e+00    6.96227e-01    4.90000e+01
       141   -3.01945e+02    2.10182e+00    6.91283e-01    4.97025e+01
       142   -3.01960e+02    2.08706e+00    6.86428e-01    5.04100e+01
       143   -3.01974e+02    2.07245e+00    6.81623e-01    5.11225e+01
       144   -3.01989e+02    2.05810e+00    6.76901e-01    5.18400e+01
       145   -3.02003e+02    2.04389e+00    6.72230e-01    5.25625e+01
       146   -3.02017e+02    2.02992e+00    6.67635e-01    5.32900e+01
       147   -3.02031e+02    2.01611e+00    6.63091e-01    5.40225e+01
       148   -3.02044e+02    2.00251e+00    6.58619e-01    5.47600e+01
       149   -3.02058e+02    1.98907e+00    6.54198e-01    5.55025e+01
       150   -3.02071e+02    1.97583e+00    6.49844e-01    5.62500e+01
       151   -3.02084e+02    1.96274e+00    6.45540e-01    5.70025e+01
       152   -3.02097e+02    1.94985e+00    6.41299e-01    5.77600e+01
       153   -3.02110e+02    1.93711e+00    6.37108e-01    5.85225e+01
       154   -3.02122e+02    1.92455e+00    6.32977e-01    5.92900e+01
       155   -3.02135e+02    1.91213e+00    6.28893e-01    6.00625e+01
       156   -3.02147e+02    1.89989e+00    6.24867e-01    6.08400e+01
       157   -3.02159e+02    1.88779e+00    6.20888e-01    6.16225e+01
       158   -3.02171e+02    1.87586e+00    6.16963e-01    6.24100e+01
       159   -3.02183e+02    1.86406e+00    6.13084e-01    6.32025e+01
       160   -3.02194e+02    1.85243e+00    6.09257e-01    6.40000e+01
       161   -3.02206e+02    1.84092e+00    6.05474e-01    6.48025e+01
       162   -3.02217e+02    1.82957e+00    6.01740e-01    6.56100e+01
       163   -3.02228e+02    1.81835e+00    5.98050e-01    6.64225e+01
       164   -3.02240e+02    1.80727e+00    5.94407e-01    6.72400e+01
       165   -3.02250e+02    1.79633e+00    5.90806e-01    6.80625e+01
       166   -3.02261e+02    1.78551e+00    5.87250e-01    6.88900e+01
       167   -3.02272e+02    1.77483e+00    5.83735e-01    6.97225e+01
       168   -3.02283e+02    1.76427e+00    5.80264e-01    7.05600e+01
       169   -3.02293e+02    1.75384e+00    5.76832e-01    7.14025e+01
       170   -3.02303e+02    1.74353e+00    5.73442e-01    7.22500e+01
       171   -3.02313e+02    1.73334e+00    5.70090e-01    7.31025e+01
       172   -3.02324e+02    1.72327e+00    5.66778e-01    7.39600e+01
       173   -3.02333e+02    1.71331e+00    5.63503e-01    7.48225e+01
       174   -3.02343e+02    1.70348e+00    5.60267e-01    7.56900e+01
       175   -3.02353e+02    1.69375e+00    5.57068e-01    7.65625e+01
       176   -3.02363e+02    1.68413e+00    5.53905e-01    7.74400e+01
       177   -3.02372e+02    1.67462e+00    5.50777e-01    7.83225e+01
       178   -3.02382e+02    1.66522e+00    5.47685e-01    7.92100e+01
       179   -3.02391e+02    1.65592e+00    5.44627e-01    8.01025e+01
       180   -3.02400e+02    1.64673e+00    5.41604e-01    8.10000e+01
       181   -3.02409e+02    1.63764e+00    5.38613e-01    8.19025e+01
       182   -3.02418e+02    1.62864e+00    5.35656e-01    8.28100e+01
       183   -3.02427e+02    1.61975e+00    5.32730e-01    8.37225e+01
       184   -3.02436e+02    1.61095e+00    5.29837e-01    8.46400e+01
       185   -3.02445e+02    1.60225e+00    5.26975e-01    8.55625e+01
       186   -3.02453e+02    1.59364e+00    5.24143e-01    8.64900e+01
       187   -3.02462e+02    1.58512e+00    5.21342e-01    8.74225e+01
       188   -3.02470e+02    1.57670e+00    5.18571e-01    8.83600e+01
       189   -3.02478e+02    1.56836e+00    5.15828e-01    8.93025e+01
       190   -3.02487e+02    1.56011e+00    5.13115e-01    9.02500e+01
       191   -3.02495e+02    1.55195e+00    5.10430e-01    9.12025e+01
       192   -3.02503e+02    1.54387e+00    5.07773e-01    9.21600e+01
       193   -3.02511e+02    1.53587e+00    5.05144e-01    9.31225e+01
       194   -3.02519e+02    1.52796e+00    5.02542e-01    9.40900e+01
       195   -3.02527e+02    1.52013e+00    4.99966e-01    9.50625e+01
       196   -3.02534e+02    1.51238e+00    4.97417e-01    9.60400e+01
       197   -3.02542e+02    1.50471e+00    4.94893e-01    9.70225e+01
       198   -3.02550e+02    1.49711e+00    4.92395e-01    9.80100e+01
       199   -3.02557e+02    1.48959e+00    4.89922e-01    9.90025e+01
       200   -3.02565e+02    1.48215e+00    4.87474e-01    1.00000e+02
       201   -3.02572e+02    1.47478e+00    4.85050e-01    1.01003e+02
       202   -3.02579e+02    1.46748e+00    4.82650e-01    1.02010e+02
       203   -3.02587e+02    1.46026e+00    4.80274e-01    1.03023e+02
       204   -3.02594e+02    1.45310e+00    4.77921e-01    1.04040e+02
       205   -3.02601e+02    1.44602e+00    4.75591e-01    1.05062e+02
       206   -3.02608e+02    1.43900e+00    4.73284e-01    1.06090e+02
       207   -3.02615e+02    1.43206e+00    4.70999e-01    1.07122e+02
       208   -3.02622e+02    1.42517e+00    4.68735e-01    1.08160e+02
       209   -3.02628e+02    1.41836e+00    4.66494e-01    1.09202e+02
       210   -3.02635e+02    1.41161e+00    4.64274e-01    1.10250e+02
       211   -3.02642e+02    1.40492e+00    4.62074e-01    1.11303e+02
       212   -3.02649e+02    1.39830e+00    4.59896e-01    1.12360e+02
       213   -3.02655e+02    1.39174e+00    4.57738e-01    1.13423e+02
       214   -3.02662e+02    1.38524e+00    4.55600e-01    1.14490e+02
       215   -3.02668e+02    1.37880e+00    4.53482e-01    1.15562e+02
       216   -3.02674e+02    1.37242e+00    4.51384e-01    1.16640e+02
       217   -3.02681e+02    1.36610e+00    4.49305e-01    1.17722e+02
       218   -3.02687e+02    1.35983e+00    4.47245e-01    1.18810e+02
       219   -3.02693e+02    1.35363e+00    4.45204e-01    1.19902e+02
       220   -3.02699e+02    1.34748e+00    4.43181e-01    1.21000e+02
       221   -3.02705e+02    1.34138e+00    4.41177e-01    1.22103e+02
       222   -3.02711e+02    1.33535e+00    4.39191e-01    1.23210e+02
       223   -3.02717e+02    1.32936e+00    4.37222e-01    1.24323e+02
       224   -3.02723e+02    1.32343e+00    4.35271e-01    1.25440e+02
       225   -3.02729e+02    1.31755e+00    4.33338e-01    1.26562e+02
       226   -3.02735e+02    1.31172e+00    4.31421e-01    1.27690e+02
       227   -3.02741e+02    1.30595e+00    4.29522e-01    1.28822e+02
       228   -3.02747e+02    1.30022e+00    4.27639e-01    1.29960e+02
       229   -3.02752e+02    1.29455e+00    4.25772e-01    1.31102e+02
       230   -3.02758e+02    1.28892e+00    4.23922e-01    1.32250e+02
       231   -3.02763e+02    1.28334e+00    4.22088e-01    1.33403e+02
       232   -3.02769e+02    1.27782e+00    4.20269e-01    1.34560e+02
       233   -3.02774e+02    1.27233e+00    4.18467e-01    1.35722e+02
       234   -3.02780e+02    1.26690e+00    4.16679e-01    1.36890e+02
       235   -3.02785e+02    1.26151e+00    4.14907e-01    1.38062e+02
       236   -3.02791e+02    1.25617e+00    4.13150e-01    1.39240e+02
       237   -3.02796e+02    1.25087e+00    4.11407e-01    1.40422e+02
       238   -3.02801e+02    1.24562e+00    4.09679e-01    1.41610e+02
       239   -3.02806e+02    1.24041e+00    4.07966e-01    1.42802e+02
       240   -3.02812e+02    1.23524e+00    4.06267e-01    1.44000e+02
       241   -3.02817e+02    1.23012e+00    4.04582e-01    1.45203e+02
       242   -3.02822e+02    1.22504e+00    4.02911e-01    1.46410e+02
       243   -3.02827e+02    1.22000e+00    4.01254e-01    1.47623e+02
       244   -3.02832e+02    1.21500e+00    3.99610e-01    1.48840e+02
       245   -3.02837e+02    1.21004e+00    3.97980e-01    1.50062e+02
       246   -3.02842e+02    1.20513e+00    3.96363e-01    1.51290e+02
       247   -3.02847e+02    1.20025e+00    3.94759e-01    1.52522e+02
       248   -3.02851e+02    1.19541e+00    3.93168e-01    1.53760e+02
       249   -3.02856e+02    1.19062e+00    3.91590e-01    1.55002e+02
       250   -3.02861e+02    1.18586e+00    3.90024e-01    1.56250e+02
       251   -3.02866e+02    1.18113e+00    3.88471e-01    1.57503e+02
       252   -3.02870e+02    1.17645e+00    3.86930e-01    1.58760e+02
       253   -3.02875e+02    1.17180e+00    3.85401e-01    1.60023e+02
       254   -3.02880e+02    1.16719e+00    3.83885e-01    1.61290e+02
       255   -3.02884e+02    1.16261e+00    3.82380e-01    1.62562e+02
       256   -3.02889e+02    1.15807e+00    3.80887e-01    1.63840e+02
       257   -3.02893e+02    1.15357e+00    3.79405e-01    1.65123e+02
       258   -3.02898e+02    1.14910e+00    3.77935e-01    1.66410e+02
       259   -3.02902e+02    1.14467e+00    3.76477e-01    1.67702e+02
       260   -3.02907e+02    1.14027e+00    3.75030e-01    1.69000e+02
       261   -3.02911e+02    1.13590e+00    3.73593e-01    1.70303e+02
       262   -3.02915e+02    1.13156e+00    3.72168e-01    1.71610e+02
       263   -3.02920e+02    1.12726e+00    3.70754e-01    1.72923e+02
       264   -3.02924e+02    1.12300e+00    3.69350e-01    1.74240e+02
       265   -3.02928e+02    1.11876e+00    3.67957e-01    1.75562e+02
       266   -3.02932e+02    1.11456e+00    3.66574e-01    1.76890e+02
       267   -3.02936e+02    1.11038e+00    3.65202e-01    1.78222e+02
       268   -3.02941e+02    1.10624e+00    3.63839e-01    1.79560e+02
       269   -3.02945e+02    1.10213e+00    3.62487e-01    1.80902e+02
       270   -3.02949e+02    1.09805e+00    3.61145e-01    1.82250e+02
       271   -3.02953e+02    1.09400e+00    3.59813e-01    1.83603e+02
       272   -3.02957e+02    1.08998e+00    3.58491e-01    1.84960e+02
       273   -3.02961e+02    1.08599e+00    3.57178e-01    1.86323e+02
       274   -3.02965e+02    1.08203e+00    3.55875e-01    1.87690e+02
       275   -3.02969e+02    1.07809e+00    3.54582e-01    1.89062e+02
       276   -3.02973e+02    1.07419e+00    3.53298e-01    1.90440e+02
       277   -3.02976e+02    1.07031e+00    3.52023e-01    1.91822e+02
       278   -3.02980e+02    1.06647e+00    3.50757e-01    1.93210e+02
       279   -3.02984e+02    1.06264e+00    3.49500e-01    1.94602e+02
       280   -3.02988e+02    1.05885e+00    3.48253e-01    1.96000e+02
       281   -3.02992e+02    1.05508e+00    3.47014e-01    1.97403e+02
       282   -3.02995e+02    1.05134e+00    3.45784e-01    1.98810e+02
       283   -3.02999e+02    1.04763e+00    3.44562e-01    2.00222e+02
       284   -3.03003e+02    1.04394e+00    3.43350e-01    2.01640e+02
       285   -3.03007e+02    1.04028e+00    3.42145e-01    2.03062e+02
       286   -3.03010e+02    1.03665e+00    3.40950e-01    2.04490e+02
       287   -3.03014e+02    1.03304e+00    3.39762e-01    2.05922e+02
       288   -3.03017e+02    1.02945e+00    3.38583e-01    2.07360e+02
       289   -3.03021e+02    1.02589e+00    3.37412e-01    2.08802e+02
       290   -3.03024e+02    1.02235e+00    3.36249e-01    2.10250e+02
       291   -3.03028e+02    1.01884e+00    3.35094e-01    2.11703e+02
       292   -3.03031e+02    1.01535e+00    3.33947e-01    2.13160e+02
       293   -3.03035e+02    1.01189e+00    3.32807e-01    2.14623e+02
       294   -3.03038e+02    1.00845e+00    3.31676e-01    2.16090e+02
       295   -3.03042e+02    1.00503e+00    3.30552e-01    2.17562e+02
       296   -3.03045e+02    1.00164e+00    3.29436e-01    2.19040e+02
       297   -3.03049e+02    9.98267e-01    3.28327e-01    2.20522e+02
       298   -3.03052e+02    9.94918e-01    3.27225e-01    2.22010e+02
       299   -3.03055e+02    9.91592e-01    3.26131e-01    2.23502e+02
       300   -3.03059e+02    9.88288e-01    3.25045e-01    2.25000e+02
       301   -3.03062e+02    9.85006e-01    3.23965e-01    2.26503e+02
       302   -3.03065e+02    9.81746e-01    3.22893e-01    2.28010e+02
       303   -3.03068e+02    9.78507e-01    3.21828e-01    2.29523e+02
       304   -3.03072e+02    9.75289e-01    3.20769e-01    2.31040e+02
       305   -3.03075e+02    9.72093e-01    3.19718e-01    2.32562e+02
       306   -3.03078e+02    9.68917e-01    3.18674e-01    2.34090e+02
       307   -3.03081e+02    9.65762e-01    3.17636e-01    2.35623e+02
       308   -3.03084e+02    9.62628e-01    3.16605e-01    2.37160e+02
       309   -3.03087e+02    9.59514e-01    3.15581e-01    2.38702e+02
       310   -3.03090e+02    9.56420e-01    3.14563e-01    2.40250e+02
       311   -3.03093e+02    9.53345e-01    3.13552e-01    2.41803e+02
       312   -3.03097e+02    9.50291e-01    3.12548e-01    2.43360e+02
       313   -3.03100e+02    9.47256e-01    3.11549e-01    2.44923e+02
       314   -3.03103e+02    9.44240e-01    3.10558e-01    2.46490e+02
       315   -3.03106e+02    9.41244e-01    3.09572e-01    2.48062e+02
       316   -3.03109e+02    9.38266e-01    3.08593e-01    2.49640e+02
       317   -3.03111e+02    9.35308e-01    3.07620e-01    2.51222e+02
       318   -3.03114e+02    9.32367e-01    3.06653e-01    2.52810e+02
       319   -3.03117e+02    9.29446e-01    3.05692e-01    2.54402e+02
       320   -3.03120e+02    9.26542e-01    3.04737e-01    2.56000e+02
       321   -3.03123e+02    9.23657e-01    3.03788e-01    2.57603e+02
       322   -3.03126e+02    9.20789e-01    3.02845e-01    2.59210e+02
       323   -3.03129e+02    9.17940e-01    3.01907e-01    2.60822e+02
       324   -3.03132e+02    9.15107e-01    3.00976e-01    2.62440e+02
       325   -3.03135e+02    9.12293e-01    3.00050e-01    2.64062e+02
       326   -3.03137e+02    9.09495e-01    2.99130e-01    2.65690e+02
       327   -3.03140e+02    9.06715e-01    2.98216e-01    2.67323e+02
       328   -3.03143e+02    9.03952e-01    2.97307e-01    2.68960e+02
       329   -3.03146e+02    9.01205e-01    2.96403e-01    2.70602e+02
       330   -3.03148e+02    8.98475e-01    2.95505e-01    2.72250e+02
       331   -3.03151e+02    8.95761e-01    2.94613e-01    2.73903e+02
       332   -3.03154e+02    8.93064e-01    2.93726e-01    2.75560e+02
       333   -3.03156e+02    8.90383e-01    2.92844e-01    2.77222e+02
       334   -3.03159e+02    8.87718e-01    2.91968e-01    2.78890e+02
       335   -3.03162e+02    8.85069e-01    2.91096e-01    2.80562e+02
       336   -3.03164e+02    8.82436e-01    2.90230e-01    2.82240e+02
       337   -3.03167e+02    8.79819e-01    2.89369e-01    2.83923e+02
       338   -3.03170e+02    8.77216e-01    2.88514e-01    2.85610e+02
       339   -3.03172e+02    8.74630e-01    2.87663e-01    2.87302e+02
       340   -3.03175e+02    8.72058e-01    2.86817e-01    2.89000e+02
       341   -3.03177e+02    8.69502e-01    2.85976e-01    2.90703e+02
       342   -3.03180e+02    8.66960e-01    2.85140e-01    2.92410e+02
       343   -3.03182e+02    8.64433e-01    2.84309e-01    2.94122e+02
       344   -3.03185e+02    8.61921e-01    2.83483e-01    2.95840e+02
       345   -3.03187e+02    8.59424e-01    2.82662e-01    2.97562e+02
       346   -3.03190e+02    8.56941e-01    2.81845e-01    2.99290e+02
       347   -3.03192e+02    8.54472e-01    2.81033e-01    3.01023e+02
       348   -3.03195e+02    8.52017e-01    2.80226e-01    3.02760e+02
       349   -3.03197e+02    8.49577e-01    2.79423e-01    3.04502e+02
       350   -3.03200e+02    8.47150e-01    2.78625e-01    3.06250e+02
       351   -3.03202e+02    8.44738e-01    2.77831e-01    3.08002e+02
       352   -3.03204e+02    8.42339e-01    2.77042e-01    3.09760e+02
       353   -3.03207e+02    8.39953e-01    2.76258e-01    3.11522e+02
       354   -3.03209e+02    8.37581e-01    2.75478e-01    3.13290e+02
       355   -3.03212e+02    8.35222e-01    2.74702e-01    3.15062e+02
       356   -3.03214e+02    8.32877e-01    2.73931e-01    3.16840e+02
       357   -3.03216e+02    8.30545e-01    2.73163e-01    3.18623e+02
       358   -3.03219e+02    8.28226e-01    2.72401e-01    3.20410e+02
       359   -3.03221e+02    8.25919e-01    2.71642e-01    3.22202e+02
       360   -3.03223e+02    8.23626e-01    2.70888e-01    3.24000e+02
       361   -3.03225e+02    8.21345e-01    2.70138e-01    3.25803e+02
       362   -3.03228e+02    8.19077e-01    2.69392e-01    3.27610e+02
       363   -3.03230e+02    8.16821e-01    2.68650e-01    3.29422e+02
       364   -3.03232e+02    8.14578e-01    2.67912e-01    3.31240e+02
       365   -3.03234e+02    8.12347e-01    2.67178e-01    3.33062e+02
       366   -3.03237e+02    8.10128e-01    2.66448e-01    3.34890e+02
       367   -3.03239e+02    8.07921e-01    2.65723e-01    3.36723e+02
       368   -3.03241e+02    8.05727e-01    2.65001e-01    3.38560e+02
       369   -3.03243e+02    8.03544e-01    2.64283e-01    3.40402e+02
       370   -3.03245e+02    8.01373e-01    2.63569e-01    3.42250e+02
       371   -3.03248e+02    7.99213e-01    2.62859e-01    3.44103e+02
       372   -3.03250e+02    7.97066e-01    2.62152e-01    3.45960e+02
       373   -3.03252e+02    7.94929e-01    2.61450e-01    3.47822e+02
       374   -3.03254e+02    7.92804e-01    2.60751e-01    3.49690e+02
       375   -3.03256e+02    7.90691e-01    2.60056e-01    3.51562e+02
       376   -3.03258e+02    7.88589e-01    2.59364e-01    3.53440e+02
       377   -3.03260e+02    7.86498e-01    2.58676e-01    3.55323e+02
       378   -3.03262e+02    7.84418e-01    2.57992e-01    3.57210e+02
       379   -3.03264e+02    7.82348e-01    2.57312e-01    3.59102e+02
       380   -3.03267e+02    7.80290e-01    2.56635e-01    3.61000e+02
       381   -3.03269e+02    7.78243e-01    2.55962e-01    3.62903e+02
       382   -3.03271e+02    7.76206e-01    2.55292e-01    3.64810e+02
       383   -3.03273e+02    7.74180e-01    2.54625e-01    3.66722e+02
       384   -3.03275e+02    7.72165e-01    2.53962e-01    3.68640e+02
       385   -3.03277e+02    7.70160e-01    2.53303e-01    3.70562e+02
       386   -3.03279e+02    7.68165e-01    2.52647e-01    3.72490e+02
       387   -3.03281e+02    7.66181e-01    2.51994e-01    3.74423e+02
       388   -3.03283e+02    7.64207e-01    2.51345e-01    3.76360e+02
       389   -3.03285e+02    7.62243e-01    2.50699e-01    3.78302e+02
       390   -3.03287e+02    7.60289e-01    2.50056e-01    3.80250e+02
       391   -3.03288e+02    7.58345e-01    2.49417e-01    3.82203e+02
       392   -3.03290e+02    7.56411e-01    2.48781e-01    3.84160e+02
       393   -3.03292e+02    7.54487e-01    2.48148e-01    3.86122e+02
       394   -3.03294e+02    7.52572e-01    2.47519e-01    3.88090e+02
       395   -3.03296e+02    7.50668e-01    2.46892e-01    3.90062e+02
       396   -3.03298e+02    7.48773e-01    2.46269e-01    3.92040e+02
       397   -3.03300e+02    7.46887e-01    2.45649e-01    3.94023e+02
       398   -3.03302e+02    7.45011e-01    2.45032e-01    3.96010e+02
       399   -3.03304e+02    7.43144e-01    2.44418e-01    3.98002e+02
