         2   -1.17842e+02    8.46912e+01    4.18160e+01    1.00000e-02
         3   -1.61922e+02    4.06110e+01    2.00515e+01    2.25000e-02
         4   -1.69523e+02    3.30102e+01    1.62987e+01    4.00000e-02
         5   -1.77130e+02    2.54026e+01    1.25424e+01    6.25000e-02
         6   -1.81488e+02    2.10447e+01    1.03908e+01    9.00000e-02
         7   -1.84649e+02    1.78842e+01    8.83025e+00    1.22500e-01
         8   -1.86965e+02    1.55683e+01    7.68680e+00    1.60000e-01
         9   -1.88751e+02    1.37819e+01    6.80475e+00    2.02500e-01
        10   -1.90168e+02    1.23647e+01    6.10505e+00    2.50000e-01
        11   -1.91321e+02    1.12123e+01    5.53603e+00    3.02500e-01
        12   -1.92276e+02    1.02567e+01    5.06422e+00    3.60000e-01
        13   -1.93081e+02    9.45146e+00    4.66663e+00    4.22500e-01
        14   -1.93769e+02    8.76358e+00    4.32699e+00    4.90000e-01
        15   -1.94364e+02    8.16914e+00    4.03349e+00    5.62500e-01
        16   -1.94883e+02    7.65030e+00    3.77731e+00    6.40000e-01
        17   -1.95339e+02    7.19347e+00    3.55175e+00    7.22500e-01
        18   -1.95745e+02    6.78817e+00    3.35164e+00    8.10000e-01
        19   -1.96107e+02    6.42614e+00    3.17289e+00    9.02500e-01
        20   -1.96432e+02    6.10079e+00    3.01224e+00    1.00000e+00
        21   -1.96726e+02    5.80681e+00    2.86709e+00    1.10250e+00
        22   -1.96993e+02    5.53988e+00    2.73530e+00    1.21000e+00
        23   -1.97237e+02    5.29642e+00    2.61509e+00    1.32250e+00
        24   -1.97459e+02    5.07346e+00    2.50501e+00    1.44000e+00
        25   -1.97664e+02    4.86853e+00    2.40382e+00    1.56250e+00
        26   -1.97853e+02    4.67951e+00    2.31050e+00    1.69000e+00
        27   -1.98028e+02    4.50463e+00    2.22415e+00    1.82250e+00
        28   -1.98191e+02    4.34235e+00    2.14402e+00    1.96000e+00
        29   -1.98342e+02    4.19137e+00    2.06947e+00    2.10250e+00
        30   -1.98482e+02    4.05053e+00    1.99993e+00    2.25000e+00
        31   -1.98614e+02    3.91885e+00    1.93492e+00    2.40250e+00
        32   -1.98737e+02    3.79546e+00    1.87400e+00    2.56000e+00
        33   -1.98853e+02    3.67961e+00    1.81680e+00    2.72250e+00
        34   -1.98962e+02    3.57062e+00    1.76298e+00    2.89000e+00
        35   -1.99065e+02    3.46791e+00    1.71227e+00    3.06250e+00
        36   -1.99162e+02    3.37094e+00    1.66439e+00    3.24000e+00
        37   -1.99254e+02    3.27924e+00    1.61912e+00    3.42250e+00
        38   -1.99341e+02    3.19241e+00    1.57624e+00    3.61000e+00
        39   -1.99423e+02    3.11005e+00    1.53558e+00    3.80250e+00
        40   -1.99501e+02    3.03184e+00    1.49696e+00    4.00000e+00
        41   -1.99575e+02    2.95747e+00    1.46024e+00    4.20250e+00
        42   -1.99646e+02    2.88665e+00    1.42528e+00    4.41000e+00
        43   -1.99714e+02    2.81915e+00    1.39195e+00    4.62250e+00
        44   -1.99778e+02    2.75474e+00    1.36014e+00    4.84000e+00
        45   -1.99840e+02    2.69320e+00    1.32976e+00    5.06250e+00
        46   -1.99899e+02    2.63435e+00    1.30070e+00    5.29000e+00
        47   -1.99955e+02    2.57802e+00    1.27289e+00    5.52250e+00
        48   -2.00009e+02    2.52405e+00    1.24624e+00    5.76000e+00
        49   -2.00061e+02    2.47229e+00    1.22069e+00    6.00250e+00
        50   -2.00110e+02    2.42262e+00    1.19616e+00    6.25000e+00
        51   -2.00158e+02    2.37489e+00    1.17260e+00    6.50250e+00
        52   -2.00204e+02    2.32902e+00    1.14995e+00    6.76000e+00
        53   -2.00248e+02    2.28488e+00    1.12815e+00    7.02250e+00
        54   -2.00291e+02    2.24239e+00    1.10717e+00    7.29000e+00
        55   -2.00332e+02    2.20144e+00    1.08695e+00    7.56250e+00
        56   -2.00371e+02    2.16197e+00    1.06746e+00    7.84000e+00
        57   -2.00409e+02    2.12388e+00    1.04866e+00    8.12250e+00
        58   -2.00446e+02    2.08712e+00    1.03051e+00    8.41000e+00
        59   -2.00481e+02    2.05160e+00    1.01297e+00    8.70250e+00
        60   -2.00516e+02    2.01728e+00    9.96024e-01    9.00000e+00
        61   -2.00549e+02    1.98408e+00    9.79633e-01    9.30250e+00
        62   -2.00581e+02    1.95196e+00    9.63773e-01    9.61000e+00
        63   -2.00612e+02    1.92086e+00    9.48419e-01    9.92250e+00
        64   -2.00642e+02    1.89074e+00    9.33546e-01    1.02400e+01
        65   -2.00671e+02    1.86155e+00    9.19133e-01    1.05625e+01
        66   -2.00700e+02    1.83324e+00    9.05158e-01    1.08900e+01
        67   -2.00727e+02    1.80579e+00    8.91601e-01    1.12225e+01
        68   -2.00754e+02    1.77914e+00    8.78445e-01    1.15600e+01
        69   -2.00780e+02    1.75327e+00    8.65671e-01    1.19025e+01
        70   -2.00805e+02    1.72814e+00    8.53263e-01    1.22500e+01
        71   -2.00829e+02    1.70372e+00    8.41206e-01    1.26025e+01
        72   -2.00853e+02    1.67998e+00    8.29485e-01    1.29600e+01
        73   -2.00876e+02    1.65689e+00    8.18087e-01    1.33225e+01
        74   -2.00899e+02    1.63443e+00    8.06997e-01    1.36900e+01
        75   -2.00920e+02    1.61258e+00    7.96204e-01    1.40625e+01
        76   -2.00942e+02    1.59129e+00    7.85696e-01    1.44400e+01
        77   -2.00962e+02    1.57056e+00    7.75461e-01    1.48225e+01
        78   -2.00983e+02    1.55037e+00    7.65490e-01    1.52100e+01
        79   -2.01002e+02    1.53069e+00    7.55772e-01    1.56025e+01
        80   -2.01021e+02    1.51150e+00    7.46298e-01    1.60000e+01
        81   -2.01040e+02    1.49279e+00    7.37058e-01    1.64025e+01
        82   -2.01058e+02    1.47453e+00    7.28044e-01    1.68100e+01
        83   -2.01076e+02    1.45671e+00    7.19248e-01    1.72225e+01
        84   -2.01094e+02    1.43933e+00    7.10662e-01    1.76400e+01
        85   -2.01111e+02    1.42235e+00    7.02279e-01    1.80625e+01
        86   -2.01127e+02    1.40576e+00    6.94091e-01    1.84900e+01
        87   -2.01143e+02    1.38956e+00    6.86092e-01    1.89225e+01
        88   -2.01159e+02    1.37373e+00    6.78275e-01    1.93600e+01
        89   -2.01175e+02    1.35826e+00    6.70634e-01    1.98025e+01
        90   -2.01190e+02    1.34313e+00    6.63164e-01    2.02500e+01
        91   -2.01205e+02    1.32833e+00    6.55858e-01    2.07025e+01
        92   -2.01219e+02    1.31385e+00    6.48711e-01    2.11600e+01
        93   -2.01233e+02    1.29969e+00    6.41719e-01    2.16225e+01
        94   -2.01247e+02    1.28583e+00    6.34875e-01    2.20900e+01
        95   -2.01261e+02    1.27226e+00    6.28176e-01    2.25625e+01
        96   -2.01274e+02    1.25898e+00    6.21617e-01    2.30400e+01
        97   -2.01287e+02    1.24597e+00    6.15194e-01    2.35225e+01
        98   -2.01300e+02    1.23323e+00    6.08901e-01    2.40100e+01
        99   -2.01312e+02    1.22074e+00    6.02737e-01    2.45025e+01
       100   -2.01324e+02    1.20851e+00    5.96696e-01    2.50000e+01
       101   -2.01336e+02    1.19651e+00    5.90774e-01    2.55025e+01
       102   -2.01348e+02    1.18476e+00    5.84969e-01    2.60100e+01
       103   -2.01360e+02    1.17323e+00    5.79277e-01    2.65225e+01
       104   -2.01371e+02    1.16192e+00    5.73695e-01    2.70400e+01
       105   -2.01382e+02    1.15083e+00    5.68220e-01    2.75625e+01
       106   -2.01393e+02    1.13995e+00    5.62847e-01    2.80900e+01
       107   -2.01404e+02    1.12927e+00    5.57576e-01    2.86225e+01
       108   -2.01414e+02    1.11880e+00    5.52402e-01    2.91600e+01
       109   -2.01424e+02    1.10851e+00    5.47324e-01    2.97025e+01
       110   -2.01435e+02    1.09841e+00    5.42338e-01    3.02500e+01
       111   -2.01444e+02    1.08850e+00    5.37442e-01    3.08025e+01
       112   -2.01454e+02    1.07876e+00    5.32633e-01    3.13600e+01
       113   -2.01464e+02    1.06919e+00    5.27910e-01    3.19225e+01
       114   -2.01473e+02    1.05979e+00    5.23270e-01    3.24900e+01
       115   -2.01482e+02    1.05056e+00    5.18711e-01    3.30625e+01
       116   -2.01491e+02    1.04149e+00    5.14231e-01    3.36400e+01
       117   -2.01500e+02    1.03257e+00    5.09827e-01    3.42225e+01
       118   -2.01509e+02    1.02380e+00    5.05498e-01    3.48100e+01
       119   -2.01518e+02    1.01518e+00    5.01242e-01    3.54025e+01
       120   -2.01526e+02    1.00670e+00    4.97057e-01    3.60000e+01
       121   -2.01535e+02    9.98369e-01    4.92941e-01    3.66025e+01
       122   -2.01543e+02    9.90170e-01    4.88893e-01    3.72100e+01
       123   -2.01551e+02    9.82105e-01    4.84911e-01    3.78225e+01
       124   -2.01559e+02    9.74170e-01    4.80993e-01    3.84400e+01
       125   -2.01567e+02    9.66362e-01    4.77138e-01    3.90625e+01
       126   -2.01574e+02    9.58679e-01    4.73345e-01    3.96900e+01
       127   -2.01582e+02    9.51117e-01    4.69611e-01    4.03225e+01
       128   -2.01589e+02    9.43673e-01    4.65936e-01    4.09600e+01
       129   -2.01597e+02    9.36345e-01    4.62317e-01    4.16025e+01
       130   -2.01604e+02    9.29130e-01    4.58755e-01    4.22500e+01
       131   -2.01611e+02    9.22025e-01    4.55247e-01    4.29025e+01
       132   -2.01618e+02    9.15028e-01    4.51792e-01    4.35600e+01
       133   -2.01625e+02    9.08136e-01    4.48389e-01    4.42225e+01
       134   -2.01632e+02    9.01347e-01    4.45037e-01    4.48900e+01
       135   -2.01638e+02    8.94659e-01    4.41735e-01    4.55625e+01
       136   -2.01645e+02    8.88070e-01    4.38482e-01    4.62400e+01
       137   -2.01651e+02    8.81577e-01    4.35276e-01    4.69225e+01
       138   -2.01658e+02    8.75178e-01    4.32116e-01    4.76100e+01
       139   -2.01664e+02    8.68872e-01    4.29003e-01    4.83025e+01
       140   -2.01670e+02    8.62655e-01    4.25933e-01    4.90000e+01
       141   -2.01676e+02    8.56527e-01    4.22908e-01    4.97025e+01
       142   -2.01682e+02    8.50486e-01    4.19925e-01    5.04100e+01
       143   -2.01688e+02    8.44529e-01    4.16983e-01    5.11225e+01
       144   -2.01694e+02    8.38655e-01    4.14083e-01    5.18400e+01
       145   -2.01700e+02    8.32862e-01    4.11223e-01    5.25625e+01
       146   -2.01706e+02    8.27149e-01    4.08402e-01    5.32900e+01
       147   -2.01711e+02    8.21513e-01    4.05619e-01    5.40225e+01
       148   -2.01717e+02    8.15954e-01    4.02875e-01    5.47600e+01
       149   -2.01722e+02    8.10469e-01    4.00167e-01    5.55025e+01
       150   -2.01728e+02    8.05058e-01    3.97495e-01    5.62500e+01
       151   -2.01733e+02    7.99718e-01    3.94858e-01    5.70025e+01
       152   -2.01739e+02    7.94449e-01    3.92257e-01    5.77600e+01
       153   -2.01744e+02    7.89249e-01    3.89689e-01    5.85225e+01
       154   -2.01749e+02    7.84116e-01    3.87155e-01    5.92900e+01
       155   -2.01754e+02    7.79050e-01    3.84654e-01    6.00625e+01
       156   -2.01759e+02    7.74049e-01    3.82184e-01    6.08400e+01
       157   -2.01764e+02    7.69112e-01    3.79746e-01    6.16225e+01
       158   -2.01769e+02    7.64237e-01    3.77339e-01    6.24100e+01
       159   -2.01774e+02    7.59423e-01    3.74963e-01    6.32025e+01
       160   -2.01778e+02    7.54670e-01    3.72616e-01    6.40000e+01
       161   -2.01783e+02    7.49976e-01    3.70298e-01    6.48025e+01
       162   -2.01788e+02    7.45340e-01    3.68009e-01    6.56100e+01
       163   -2.01792e+02    7.40761e-01    3.65749e-01    6.64225e+01
       164   -2.01797e+02    7.36238e-01    3.63515e-01    6.72400e+01
       165   -2.01801e+02    7.31770e-01    3.61309e-01    6.80625e+01
       166   -2.01806e+02    7.27356e-01    3.59130e-01    6.88900e+01
       167   -2.01810e+02    7.22994e-01    3.56976e-01    6.97225e+01
       168   -2.01814e+02    7.18685e-01    3.54848e-01    7.05600e+01
       169   -2.01819e+02    7.14427e-01    3.52746e-01    7.14025e+01
       170   -2.01823e+02    7.10219e-01    3.50668e-01    7.22500e+01
       171   -2.01827e+02    7.06060e-01    3.48615e-01    7.31025e+01
       172   -2.01831e+02    7.01949e-01    3.46585e-01    7.39600e+01
       173   -2.01835e+02    6.97887e-01    3.44579e-01    7.48225e+01
       174   -2.01839e+02    6.93871e-01    3.42596e-01    7.56900e+01
       175   -2.01843e+02    6.89900e-01    3.40636e-01    7.65625e+01
       176   -2.01847e+02    6.85976e-01    3.38698e-01    7.74400e+01
       177   -2.01851e+02    6.82095e-01    3.36782e-01    7.83225e+01
       178   -2.01855e+02    6.78258e-01    3.34888e-01    7.92100e+01
       179   -2.01858e+02    6.74464e-01    3.33015e-01    8.01025e+01
       180   -2.01862e+02    6.70712e-01    3.31162e-01    8.10000e+01
       181   -2.01866e+02    6.67002e-01    3.29330e-01    8.19025e+01
       182   -2.01870e+02    6.63333e-01    3.27518e-01    8.28100e+01
       183   -2.01873e+02    6.59704e-01    3.25727e-01    8.37225e+01
       184   -2.01877e+02    6.56114e-01    3.23954e-01    8.46400e+01
       185   -2.01880e+02    6.52563e-01    3.22201e-01    8.55625e+01
       186   -2.01884e+02    6.49050e-01    3.20466e-01    8.64900e+01
       187   -2.01887e+02    6.45575e-01    3.18751e-01    8.74225e+01
       188   -2.01891e+02    6.42137e-01    3.17053e-01    8.83600e+01
       189   -2.01894e+02    6.38735e-01    3.15374e-01    8.93025e+01
       190   -2.01898e+02    6.35370e-01    3.13712e-01    9.02500e+01
       191   -2.01901e+02    6.32039e-01    3.12067e-01    9.12025e+01
       192   -2.01904e+02    6.28743e-01    3.10440e-01    9.21600e+01
       193   -2.01907e+02    6.25482e-01    3.08830e-01    9.31225e+01
       194   -2.01911e+02    6.22254e-01    3.07236e-01    9.40900e+01
       195   -2.01914e+02    6.19059e-01    3.05659e-01    9.50625e+01
       196   -2.01917e+02    6.15897e-01    3.04097e-01    9.60400e+01
       197   -2.01920e+02    6.12767e-01    3.02552e-01    9.70225e+01
       198   -2.01923e+02    6.09669e-01    3.01022e-01    9.80100e+01
       199   -2.01926e+02    6.06602e-01    2.99508e-01    9.90025e+01
       200   -2.01929e+02    6.03565e-01    2.98008e-01    1.00000e+02
       201   -2.01932e+02    6.00559e-01    2.96524e-01    1.01003e+02
       202   -2.01935e+02    5.97583e-01    2.95055e-01    1.02010e+02
       203   -2.01938e+02    5.94636e-01    2.93599e-01    1.03023e+02
       204   -2.01941e+02    5.91718e-01    2.92159e-01    1.04040e+02
       205   -2.01944e+02    5.88828e-01    2.90732e-01    1.05062e+02
       206   -2.01947e+02    5.85966e-01    2.89319e-01    1.06090e+02
       207   -2.01950e+02    5.83133e-01    2.87920e-01    1.07122e+02
       208   -2.01953e+02    5.80326e-01    2.86534e-01    1.08160e+02
       209   -2.01955e+02    5.77546e-01    2.85162e-01    1.09202e+02
       210   -2.01958e+02    5.74793e-01    2.83802e-01    1.10250e+02
       211   -2.01961e+02    5.72066e-01    2.82456e-01    1.11303e+02
       212   -2.01964e+02    5.69365e-01    2.81122e-01    1.12360e+02
       213   -2.01966e+02    5.66689e-01    2.79801e-01    1.13423e+02
       214   -2.01969e+02    5.64038e-01    2.78492e-01    1.14490e+02
       215   -2.01972e+02    5.61412e-01    2.77195e-01    1.15562e+02
       216   -2.01974e+02    5.58810e-01    2.75911e-01    1.16640e+02
       217   -2.01977e+02    5.56232e-01    2.74638e-01    1.17722e+02
       218   -2.01979e+02    5.53678e-01    2.73377e-01    1.18810e+02
       219   -2.01982e+02    5.51147e-01    2.72127e-01    1.19902e+02
       220   -2.01984e+02    5.48639e-01    2.70889e-01    1.21000e+02
       221   -2.01987e+02    5.46154e-01    2.69662e-01    1.22103e+02
       222   -2.01989e+02    5.43692e-01    2.68446e-01    1.23210e+02
       223   -2.01992e+02    5.41251e-01    2.67241e-01    1.24323e+02
       224   -2.01994e+02    5.38832e-01    2.66047e-01    1.25440e+02
       225   -2.01997e+02    5.36435e-01    2.64863e-01    1.26562e+02
       226   -2.01999e+02    5.34059e-01    2.63690e-01    1.27690e+02
       227   -2.02001e+02    5.31704e-01    2.62527e-01    1.28822e+02
       228   -2.02004e+02    5.29370e-01    2.61375e-01    1.29960e+02
       229   -2.02006e+02    5.27056e-01    2.60232e-01    1.31102e+02
       230   -2.02008e+02    5.24762e-01    2.59100e-01    1.32250e+02
       231   -2.02010e+02    5.22488e-01    2.57977e-01    1.33403e+02
       232   -2.02013e+02    5.20234e-01    2.56864e-01    1.34560e+02
       233   -2.02015e+02    5.17999e-01    2.55760e-01    1.35722e+02
       234   -2.02017e+02    5.15783e-01    2.54666e-01    1.36890e+02
       235   -2.02019e+02    5.13586e-01    2.53581e-01    1.38062e+02
       236   -2.02022e+02    5.11408e-01    2.52506e-01    1.39240e+02
       237   -2.02024e+02    5.09248e-01    2.51440e-01    1.40422e+02
       238   -2.02026e+02    5.07106e-01    2.50382e-01    1.41610e+02
       239   -2.02028e+02    5.04982e-01    2.49333e-01    1.42802e+02
       240   -2.02030e+02    5.02876e-01    2.48294e-01    1.44000e+02
       241   -2.02032e+02    5.00788e-01    2.47262e-01    1.45203e+02
       242   -2.02034e+02    4.98716e-01    2.46240e-01    1.46410e+02
       243   -2.02036e+02    4.96662e-01    2.45225e-01    1.47623e+02
       244   -2.02038e+02    4.94625e-01    2.44219e-01    1.48840e+02
       245   -2.02040e+02    4.92604e-01    2.43222e-01    1.50062e+02
       246   -2.02042e+02    4.90600e-01    2.42232e-01    1.51290e+02
       247   -2.02044e+02    4.88612e-01    2.41250e-01    1.52522e+02
       248   -2.02046e+02    4.86640e-01    2.40277e-01    1.53760e+02
       249   -2.02048e+02    4.84684e-01    2.39311e-01    1.55002e+02
       250   -2.02050e+02    4.82743e-01    2.38353e-01    1.56250e+02
       251   -2.02052e+02    4.80818e-01    2.37402e-01    1.57503e+02
       252   -2.02054e+02    4.78908e-01    2.36459e-01    1.58760e+02
       253   -2.02056e+02    4.77014e-01    2.35524e-01    1.60023e+02
       254   -2.02058e+02    4.75134e-01    2.34596e-01    1.61290e+02
       255   -2.02060e+02    4.73269e-01    2.33675e-01    1.62562e+02
       256   -2.02062e+02    4.71419e-01    2.32762e-01    1.63840e+02
       257   -2.02063e+02    4.69583e-01    2.31855e-01    1.65123e+02
       258   -2.02065e+02    4.67761e-01    2.30956e-01    1.66410e+02
       259   -2.02067e+02    4.65954e-01    2.30063e-01    1.67702e+02
       260   -2.02069e+02    4.64160e-01    2.29177e-01    1.69000e+02
       261   -2.02071e+02    4.62380e-01    2.28299e-01    1.70303e+02
       262   -2.02072e+02    4.60614e-01    2.27427e-01    1.71610e+02
       263   -2.02074e+02    4.58861e-01    2.26561e-01    1.72923e+02
       264   -2.02076e+02    4.57121e-01    2.25702e-01    1.74240e+02
       265   -2.02078e+02    4.55395e-01    2.24850e-01    1.75562e+02
       266   -2.02079e+02    4.53681e-01    2.24004e-01    1.76890e+02
       267   -2.02081e+02    4.51981e-01    2.23164e-01    1.78222e+02
       268   -2.02083e+02    4.50293e-01    2.22331e-01    1.79560e+02
       269   -2.02084e+02    4.48617e-01    2.21503e-01    1.80902e+02
       270   -2.02086e+02    4.46954e-01    2.20682e-01    1.82250e+02
       271   -2.02088e+02    4.45304e-01    2.19867e-01    1.83603e+02
       272   -2.02089e+02    4.43665e-01    2.19058e-01    1.84960e+02
       273   -2.02091e+02    4.42039e-01    2.18255e-01    1.86323e+02
       274   -2.02093e+02    4.40424e-01    2.17458e-01    1.87690e+02
       275   -2.02094e+02    4.38821e-01    2.16667e-01    1.89062e+02
       276   -2.02096e+02    4.37230e-01    2.15881e-01    1.90440e+02
       277   -2.02097e+02    4.35650e-01    2.15101e-01    1.91822e+02
       278   -2.02099e+02    4.34082e-01    2.14327e-01    1.93210e+02
       279   -2.02100e+02    4.32525e-01    2.13558e-01    1.94602e+02
       280   -2.02102e+02    4.30979e-01    2.12794e-01    1.96000e+02
       281   -2.02104e+02    4.29444e-01    2.12037e-01    1.97403e+02
       282   -2.02105e+02    4.27920e-01    2.11284e-01    1.98810e+02
       283   -2.02107e+02    4.26407e-01    2.10537e-01    2.00222e+02
       284   -2.02108e+02    4.24904e-01    2.09795e-01    2.01640e+02
       285   -2.02110e+02    4.23412e-01    2.09058e-01    2.03062e+02
       286   -2.02111e+02    4.21930e-01    2.08327e-01    2.04490e+02
       287   -2.02112e+02    4.20459e-01    2.07600e-01    2.05922e+02
       288   -2.02114e+02    4.18998e-01    2.06879e-01    2.07360e+02
       289   -2.02115e+02    4.17547e-01    2.06162e-01    2.08802e+02
       290   -2.02117e+02    4.16106e-01    2.05451e-01    2.10250e+02
       291   -2.02118e+02    4.14675e-01    2.04744e-01    2.11703e+02
       292   -2.02120e+02    4.13254e-01    2.04043e-01    2.13160e+02
       293   -2.02121e+02    4.11842e-01    2.03346e-01    2.14623e+02
       294   -2.02123e+02    4.10440e-01    2.02654e-01    2.16090e+02
       295   -2.02124e+02    4.09048e-01    2.01966e-01    2.17562e+02
       296   -2.02125e+02    4.07665e-01    2.01283e-01    2.19040e+02
       297   -2.02127e+02    4.06291e-01    2.00605e-01    2.20522e+02
       298   -2.02128e+02    4.04927e-01    1.99931e-01    2.22010e+02
       299   -2.02129e+02    4.03572e-01    1.99262e-01    2.23502e+02
       300   -2.02131e+02    4.02225e-01    1.98598e-01    2.25000e+02
       301   -2.02132e+02    4.00888e-01    1.97937e-01    2.26503e+02
       302   -2.02133e+02    3.99560e-01    1.97281e-01    2.28010e+02
       303   -2.02135e+02    3.98240e-01    1.96630e-01    2.29523e+02
       304   -2.02136e+02    3.96929e-01    1.95982e-01    2.31040e+02
       305   -2.02137e+02    3.95627e-01    1.95339e-01    2.32562e+02
       306   -2.02139e+02    3.94333e-01    1.94701e-01    2.34090e+02
       307   -2.02140e+02    3.93047e-01    1.94066e-01    2.35623e+02
       308   -2.02141e+02    3.91770e-01    1.93435e-01    2.37160e+02
       309   -2.02142e+02    3.90502e-01    1.92809e-01    2.38702e+02
       310   -2.02144e+02    3.89241e-01    1.92186e-01    2.40250e+02
       311   -2.02145e+02    3.87988e-01    1.91568e-01    2.41803e+02
       312   -2.02146e+02    3.86744e-01    1.90954e-01    2.43360e+02
       313   -2.02147e+02    3.85508e-01    1.90343e-01    2.44923e+02
       314   -2.02149e+02    3.84279e-01    1.89737e-01    2.46490e+02
       315   -2.02150e+02    3.83058e-01    1.89134e-01    2.48062e+02
       316   -2.02151e+02    3.81845e-01    1.88535e-01    2.49640e+02
       317   -2.02152e+02    3.80640e-01    1.87940e-01    2.51222e+02
       318   -2.02154e+02    3.79442e-01    1.87348e-01    2.52810e+02
       319   -2.02155e+02    3.78252e-01    1.86760e-01    2.54402e+02
       320   -2.02156e+02    3.77069e-01    1.86176e-01    2.56000e+02
       321   -2.02157e+02    3.75893e-01    1.85596e-01    2.57603e+02
       322   -2.02158e+02    3.74725e-01    1.85019e-01    2.59210e+02
       323   -2.02159e+02    3.73564e-01    1.84446e-01    2.60822e+02
       324   -2.02161e+02    3.72410e-01    1.83876e-01    2.62440e+02
       325   -2.02162e+02    3.71264e-01    1.83310e-01    2.64062e+02
       326   -2.02163e+02    3.70124e-01    1.82748e-01    2.65690e+02
       327   -2.02164e+02    3.68991e-01    1.82188e-01    2.67323e+02
       328   -2.02165e+02    3.67866e-01    1.81632e-01    2.68960e+02
       329   -2.02166e+02    3.66747e-01    1.81080e-01    2.70602e+02
       330   -2.02167e+02    3.65635e-01    1.80531e-01    2.72250e+02
       331   -2.02168e+02    3.64529e-01    1.79985e-01    2.73903e+02
       332   -2.02170e+02    3.63430e-01    1.79443e-01    2.75560e+02
       333   -2.02171e+02    3.62338e-01    1.78903e-01    2.77222e+02
       334   -2.02172e+02    3.61253e-01    1.78367e-01    2.78890e+02
       335   -2.02173e+02    3.60174e-01    1.77835e-01    2.80562e+02
       336   -2.02174e+02    3.59101e-01    1.77305e-01    2.82240e+02
       337   -2.02175e+02    3.58035e-01    1.76778e-01    2.83923e+02
       338   -2.02176e+02    3.56975e-01    1.76255e-01    2.85610e+02
       339   -2.02177e+02    3.55921e-01    1.75735e-01    2.87302e+02
       340   -2.02178e+02    3.54873e-01    1.75218e-01    2.89000e+02
       341   -2.02179e+02    3.53832e-01    1.74703e-01    2.90703e+02
       342   -2.02180e+02    3.52797e-01    1.74192e-01    2.92410e+02
       343   -2.02181e+02    3.51768e-01    1.73684e-01    2.94122e+02
       344   -2.02182e+02    3.50744e-01    1.73179e-01    2.95840e+02
       345   -2.02183e+02    3.49727e-01    1.72677e-01    2.97562e+02
       346   -2.02184e+02    3.48716e-01    1.72177e-01    2.99290e+02
       347   -2.02185e+02    3.47710e-01    1.71681e-01    3.01023e+02
       348   -2.02186e+02    3.46710e-01    1.71187e-01    3.02760e+02
       349   -2.02187e+02    3.45716e-01    1.70696e-01    3.04502e+02
       350   -2.02188e+02    3.44728e-01    1.70208e-01    3.06250e+02
       351   -2.02189e+02    3.43745e-01    1.69723e-01    3.08002e+02
       352   -2.02190e+02    3.42768e-01    1.69240e-01    3.09760e+02
       353   -2.02191e+02    3.41796e-01    1.68761e-01    3.11522e+02
       354   -2.02192e+02    3.40830e-01    1.68284e-01    3.13290e+02
       355   -2.02193e+02    3.39869e-01    1.67809e-01    3.15062e+02
       356   -2.02194e+02    3.38914e-01    1.67338e-01    3.16840e+02
       357   -2.02195e+02    3.37964e-01    1.66869e-01    3.18623e+02
       358   -2.02196e+02    3.37019e-01    1.66402e-01    3.20410e+02
       359   -2.02197e+02    3.36080e-01    1.65938e-01    3.22202e+02
       360   -2.02198e+02    3.35146e-01    1.65477e-01    3.24000e+02
       361   -2.02199e+02    3.34217e-01    1.65019e-01    3.25803e+02
       362   -2.02200e+02    3.33293e-01    1.64562e-01    3.27610e+02
       363   -2.02201e+02    3.32374e-01    1.64109e-01    3.29422e+02
       364   -2.02201e+02    3.31461e-01    1.63658e-01    3.31240e+02
       365   -2.02202e+02    3.30552e-01    1.63209e-01    3.33062e+02
       366   -2.02203e+02    3.29648e-01    1.62763e-01    3.34890e+02
       367   -2.02204e+02    3.28750e-01    1.62319e-01    3.36723e+02
       368   -2.02205e+02    3.27856e-01    1.61878e-01    3.38560e+02
       369   -2.02206e+02    3.26967e-01    1.61439e-01    3.40402e+02
       370   -2.02207e+02    3.26082e-01    1.61002e-01    3.42250e+02
       371   -2.02208e+02    3.25203e-01    1.60568e-01    3.44103e+02
       372   -2.02209e+02    3.24328e-01    1.60136e-01    3.45960e+02
       373   -2.02209e+02    3.23458e-01    1.59706e-01    3.47822e+02
       374   -2.02210e+02    3.22593e-01    1.59279e-01    3.49690e+02
       375   -2.02211e+02    3.21732e-01    1.58854e-01    3.51562e+02
       376   -2.02212e+02    3.20876e-01    1.58431e-01    3.53440e+02
       377   -2.02213e+02    3.20024e-01    1.58011e-01    3.55323e+02
       378   -2.02214e+02    3.19177e-01    1.57593e-01    3.57210e+02
       379   -2.02215e+02    3.18334e-01    1.57177e-01    3.59102e+02
       380   -2.02215e+02    3.17496e-01    1.56763e-01    3.61000e+02
       381   -2.02216e+02    3.16662e-01    1.56351e-01    3.62903e+02
       382   -2.02217e+02    3.15833e-01    1.55942e-01    3.64810e+02
       383   -2.02218e+02    3.15008e-01    1.55534e-01    3.66722e+02
       384   -2.02219e+02    3.14187e-01    1.55129e-01    3.68640e+02
       385   -2.02220e+02    3.13370e-01    1.54726e-01    3.70562e+02
       386   -2.02220e+02    3.12558e-01    1.54325e-01    3.72490e+02
       387   -2.02221e+02    3.11750e-01    1.53926e-01    3.74423e+02
       388   -2.02222e+02    3.10946e-01    1.53529e-01    3.76360e+02
       389   -2.02223e+02    3.10146e-01    1.53134e-01    3.78302e+02
       390   -2.02224e+02    3.09351e-01    1.52741e-01    3.80250e+02
       391   -2.02224e+02    3.08559e-01    1.52350e-01    3.82203e+02
       392   -2.02225e+02    3.07771e-01    1.51961e-01    3.84160e+02
       393   -2.02226e+02    3.06988e-01    1.51574e-01    3.86122e+02
       394   -2.02227e+02    3.06208e-01    1.51189e-01    3.88090e+02
       395   -2.02228e+02    3.05433e-01    1.50806e-01    3.90062e+02
       396   -2.02228e+02    3.04661e-01    1.50425e-01    3.92040e+02
       397   -2.02229e+02    3.03893e-01    1.50046e-01    3.94023e+02
       398   -2.02230e+02    3.03129e-01    1.49669e-01    3.96010e+02
       399   -2.02231e+02    3.02369e-01    1.49294e-01    3.98002e+02
